const BLKSTR island16_blockstr[15] = {
{ 0, 0x00 },
{ 1, 0x00 },
{ 2, 0x00 },
{ 3, 0x00 },
{ 3, 0x40 },
{ 3, 0x80 },
{ 3, 0xC0 },
{ 4, 0x00 },
{ 4, 0x40 },
{ 4, 0x80 },
{ 4, 0xC0 },
{ 5, 0x00 },
{ 5, 0x40 },
{ 6, 0x00 },
{ 6, 0x80 }
};

const unsigned char island16_map0[1024] = {
1, 1, 1, 1, 1, 1, 1, 1, 1, 1, 1, 1, 1, 1, 1, 1, 
1, 1, 1, 1, 1, 1, 1, 1, 1, 1, 1, 1, 1, 1, 1, 1
,
1, 1, 1, 1, 1, 1, 1, 1, 1, 1, 1, 1, 1, 7, 14, 14, 
14, 14, 14, 8, 1, 1, 1, 1, 1, 1, 1, 1, 1, 1, 1, 1
,
1, 1, 1, 1, 1, 1, 1, 1, 1, 1, 7, 14, 14, 6, 2, 2, 
2, 2, 2, 5, 8, 1, 1, 1, 1, 1, 1, 1, 1, 1, 1, 1
,
1, 1, 1, 1, 1, 1, 1, 1, 7, 14, 6, 2, 2, 2, 2, 2, 
2, 2, 2, 2, 5, 8, 1, 1, 1, 1, 1, 1, 1, 1, 1, 1
,
1, 1, 1, 1, 1, 7, 14, 14, 6, 2, 2, 2, 2, 2, 2, 2, 
2, 2, 2, 2, 2, 5, 14, 8, 1, 1, 1, 1, 1, 1, 1, 1
,
1, 1, 1, 1, 7, 6, 2, 2, 2, 2, 2, 2, 2, 2, 2, 2, 
2, 2, 2, 2, 2, 2, 2, 5, 8, 1, 1, 1, 1, 1, 1, 1
,
1, 1, 7, 14, 6, 2, 2, 2, 2, 2, 2, 2, 2, 2, 2, 2, 
2, 2, 2, 2, 2, 2, 2, 2, 5, 8, 1, 1, 1, 1, 1, 1
,
1, 1, 12, 2, 2, 2, 2, 2, 2, 2, 2, 2, 2, 2, 2, 2, 
2, 2, 2, 2, 2, 2, 2, 2, 2, 11, 1, 1, 1, 1, 1, 1
,
1, 1, 12, 2, 2, 2, 2, 2, 2, 2, 2, 2, 2, 2, 2, 2, 
2, 2, 2, 2, 2, 2, 2, 2, 2, 5, 8, 1, 1, 1, 1, 1
,
1, 1, 12, 2, 2, 2, 2, 2, 2, 2, 2, 2, 2, 2, 2, 2, 
2, 2, 2, 2, 2, 2, 2, 2, 2, 2, 11, 1, 1, 1, 1, 1
,
1, 1, 12, 2, 2, 2, 2, 2, 2, 2, 2, 2, 2, 2, 2, 2, 
2, 2, 2, 2, 2, 2, 2, 2, 2, 2, 5, 8, 1, 1, 1, 1
,
1, 7, 6, 2, 2, 2, 2, 2, 2, 2, 2, 2, 2, 2, 2, 2, 
2, 2, 2, 2, 2, 2, 2, 2, 2, 2, 2, 11, 1, 1, 1, 1
,
1, 12, 2, 2, 2, 2, 2, 2, 2, 2, 2, 2, 2, 2, 2, 2, 
2, 2, 2, 2, 2, 2, 2, 2, 2, 2, 2, 5, 8, 1, 1, 1
,
1, 12, 2, 2, 2, 2, 2, 2, 2, 2, 2, 2, 2, 2, 2, 2, 
2, 2, 2, 2, 2, 2, 2, 2, 2, 2, 2, 2, 11, 1, 1, 1
,
1, 12, 2, 2, 2, 2, 2, 2, 2, 2, 2, 2, 2, 2, 2, 2, 
2, 2, 2, 2, 2, 2, 2, 2, 2, 2, 2, 2, 11, 1, 1, 1
,
1, 12, 2, 2, 2, 2, 2, 2, 2, 2, 2, 2, 2, 2, 2, 2, 
2, 2, 2, 2, 2, 2, 2, 2, 2, 2, 2, 2, 11, 1, 1, 1
,
1, 12, 2, 2, 2, 2, 2, 2, 2, 2, 2, 2, 2, 2, 2, 2, 
2, 2, 2, 2, 2, 2, 2, 2, 2, 2, 2, 2, 11, 1, 1, 1
,
1, 12, 2, 2, 2, 2, 2, 2, 2, 2, 2, 3, 4, 2, 2, 2, 
2, 2, 2, 2, 2, 2, 2, 2, 2, 2, 2, 2, 11, 1, 1, 1
,
1, 12, 2, 2, 2, 2, 2, 2, 2, 2, 3, 10, 9, 13, 13, 13, 
4, 2, 2, 2, 2, 2, 2, 2, 2, 2, 2, 2, 11, 1, 1, 1
,
1, 12, 2, 2, 2, 2, 2, 2, 2, 2, 5, 8, 1, 1, 1, 7, 
6, 2, 2, 2, 2, 2, 2, 2, 2, 2, 2, 2, 11, 1, 1, 1
,
1, 12, 2, 2, 2, 2, 2, 2, 2, 2, 2, 11, 1, 1, 7, 6, 
2, 2, 2, 2, 2, 2, 2, 2, 2, 2, 2, 3, 10, 1, 1, 1
,
1, 9, 4, 2, 2, 2, 2, 2, 2, 2, 2, 5, 14, 14, 6, 2, 
2, 2, 2, 2, 2, 2, 2, 2, 2, 2, 2, 11, 1, 1, 1, 1
,
1, 1, 12, 2, 2, 2, 2, 2, 2, 2, 2, 2, 2, 2, 2, 2, 
2, 2, 2, 2, 2, 2, 2, 2, 2, 2, 3, 10, 1, 1, 1, 1
,
1, 1, 9, 4, 2, 2, 2, 2, 2, 2, 2, 2, 2, 2, 2, 2, 
2, 2, 2, 2, 2, 2, 2, 2, 2, 3, 10, 1, 1, 1, 1, 1
,
1, 1, 1, 12, 2, 2, 2, 2, 2, 2, 2, 2, 2, 2, 2, 2, 
2, 2, 2, 2, 2, 2, 2, 2, 3, 10, 1, 1, 1, 1, 1, 1
,
1, 1, 1, 9, 4, 2, 2, 2, 2, 2, 2, 2, 2, 2, 2, 2, 
2, 2, 2, 2, 2, 3, 13, 13, 10, 1, 1, 1, 1, 1, 1, 1
,
1, 1, 1, 1, 12, 2, 2, 2, 2, 2, 2, 2, 2, 2, 2, 2, 
2, 2, 2, 2, 3, 10, 1, 1, 1, 1, 1, 1, 1, 1, 1, 1
,
1, 1, 1, 1, 12, 2, 2, 2, 2, 2, 2, 2, 2, 2, 2, 2, 
2, 2, 2, 3, 10, 1, 1, 1, 1, 1, 1, 1, 1, 1, 1, 1
,
1, 1, 1, 1, 9, 13, 4, 2, 2, 2, 2, 3, 13, 13, 13, 13, 
13, 13, 13, 10, 1, 1, 1, 1, 1, 1, 1, 1, 1, 1, 1, 1
,
1, 1, 1, 1, 1, 1, 9, 13, 13, 13, 13, 10, 1, 1, 1, 1, 
1, 1, 1, 1, 1, 1, 1, 1, 1, 1, 1, 1, 1, 1, 1, 1
,
1, 1, 1, 1, 1, 1, 1, 1, 1, 1, 1, 1, 1, 1, 1, 1, 
1, 1, 1, 1, 1, 1, 1, 1, 1, 1, 1, 1, 1, 1, 1, 1
,
1, 1, 1, 1, 1, 1, 1, 1, 1, 1, 1, 1, 1, 1, 1, 1, 
1, 1, 1, 1, 1, 1, 1, 1, 1, 1, 1, 1, 1, 1, 1, 1

};

