const unsigned char projafg_map[11000] = {
0, 0, 0, 0, 0, 0, 0, 0, 0, 0, 0, 0, 0, 0, 0, 0, 
0, 0, 0, 0, 0, 0,
0, 0, 0, 0, 0, 0, 0, 0, 0, 0, 0, 0, 0, 0, 0, 0, 
0, 0, 0, 0, 0, 0,
0, 0, 0, 0, 0, 0, 0, 0, 0, 0, 0, 0, 0, 0, 0, 0, 
0, 0, 0, 0, 0, 0,
0, 0, 0, 0, 0, 0, 0, 0, 0, 0, 0, 0, 0, 0, 0, 0, 
0, 0, 0, 0, 0, 0,
0, 0, 0, 0, 0, 0, 0, 0, 0, 0, 0, 0, 0, 0, 0, 0, 
0, 0, 0, 0, 0, 0,
0, 0, 0, 0, 0, 0, 0, 0, 0, 0, 0, 0, 0, 0, 0, 0, 
0, 0, 0, 0, 0, 0,
0, 0, 0, 0, 0, 0, 0, 0, 0, 0, 0, 0, 0, 0, 0, 0, 
0, 0, 0, 0, 0, 0,
0, 0, 0, 0, 0, 0, 0, 0, 0, 0, 0, 0, 0, 0, 0, 0, 
0, 0, 0, 0, 0, 0,
0, 0, 0, 0, 0, 0, 0, 0, 0, 0, 0, 0, 0, 0, 0, 0, 
0, 0, 0, 0, 0, 0,
0, 0, 0, 0, 0, 0, 0, 0, 0, 0, 0, 0, 0, 0, 0, 0, 
0, 0, 0, 0, 0, 0,
0, 0, 0, 0, 0, 0, 0, 0, 0, 0, 0, 0, 0, 0, 0, 0, 
0, 0, 0, 0, 0, 0,
0, 0, 0, 0, 0, 0, 0, 0, 0, 0, 0, 0, 0, 0, 0, 0, 
0, 0, 0, 0, 0, 0,
0, 0, 0, 0, 0, 0, 0, 0, 0, 0, 0, 0, 0, 0, 0, 0, 
0, 0, 0, 0, 0, 0,
0, 0, 0, 0, 0, 0, 0, 0, 0, 0, 0, 0, 0, 0, 0, 0, 
0, 0, 0, 0, 0, 0,
0, 0, 0, 0, 0, 0, 0, 0, 0, 0, 0, 0, 0, 0, 0, 0, 
0, 0, 0, 0, 0, 0,
0, 0, 0, 0, 0, 0, 0, 0, 0, 0, 0, 0, 0, 0, 0, 0, 
0, 0, 0, 0, 0, 0,
0, 0, 0, 0, 0, 0, 0, 0, 0, 0, 0, 0, 0, 0, 0, 0, 
0, 0, 0, 0, 0, 0,
0, 0, 0, 0, 0, 0, 0, 0, 0, 0, 0, 0, 0, 0, 0, 0, 
0, 0, 0, 0, 0, 0,
0, 0, 0, 0, 0, 0, 0, 0, 0, 0, 0, 0, 0, 0, 0, 0, 
0, 0, 0, 0, 0, 0,
0, 0, 0, 0, 0, 0, 0, 0, 0, 0, 0, 0, 0, 0, 0, 0, 
0, 0, 0, 0, 0, 0,
0, 0, 0, 0, 0, 0, 0, 0, 0, 0, 0, 0, 0, 0, 0, 0, 
0, 0, 0, 0, 0, 0,
0, 0, 0, 0, 0, 0, 0, 0, 0, 0, 0, 0, 0, 0, 0, 0, 
0, 0, 0, 0, 0, 0,
0, 0, 0, 0, 0, 0, 0, 0, 0, 0, 0, 0, 0, 0, 0, 0, 
0, 0, 0, 0, 0, 0,
0, 0, 0, 0, 0, 0, 0, 0, 0, 0, 0, 0, 0, 0, 0, 0, 
0, 0, 0, 0, 0, 0,
0, 0, 0, 0, 0, 0, 0, 0, 0, 0, 0, 0, 0, 0, 0, 0, 
0, 0, 0, 0, 0, 0,
0, 0, 0, 0, 0, 0, 0, 0, 0, 0, 0, 0, 0, 0, 0, 0, 
0, 0, 0, 0, 0, 0,
0, 0, 0, 0, 0, 0, 0, 0, 0, 0, 0, 0, 0, 0, 0, 0, 
0, 0, 0, 0, 0, 0,
0, 0, 0, 0, 0, 0, 0, 0, 0, 0, 0, 0, 0, 0, 0, 0, 
0, 0, 0, 0, 0, 0,
0, 0, 0, 0, 0, 0, 0, 0, 0, 0, 0, 0, 0, 0, 0, 0, 
0, 0, 0, 0, 0, 0,
0, 0, 0, 0, 0, 0, 0, 0, 0, 0, 0, 0, 0, 0, 0, 0, 
0, 0, 0, 0, 0, 0,
0, 0, 0, 0, 0, 0, 0, 0, 0, 0, 0, 0, 0, 0, 0, 0, 
0, 0, 0, 0, 0, 0,
0, 0, 0, 0, 0, 0, 0, 0, 0, 0, 0, 0, 0, 0, 0, 0, 
0, 0, 0, 0, 0, 0,
0, 0, 0, 0, 0, 0, 0, 0, 0, 0, 0, 0, 0, 0, 0, 0, 
0, 0, 0, 0, 0, 0,
0, 0, 0, 0, 0, 0, 0, 0, 0, 0, 0, 0, 0, 0, 0, 0, 
0, 0, 0, 0, 0, 0,
0, 0, 0, 0, 0, 0, 0, 0, 0, 0, 0, 0, 0, 0, 0, 0, 
0, 0, 0, 0, 0, 0,
0, 0, 0, 0, 0, 0, 0, 0, 0, 0, 0, 0, 0, 0, 0, 0, 
0, 0, 0, 0, 0, 0,
0, 0, 0, 0, 0, 0, 0, 0, 0, 0, 0, 0, 0, 0, 0, 0, 
0, 0, 0, 0, 0, 0,
0, 0, 0, 0, 0, 0, 0, 0, 0, 0, 0, 0, 0, 0, 0, 0, 
0, 0, 0, 0, 0, 0,
0, 0, 0, 0, 0, 0, 0, 0, 0, 0, 0, 0, 0, 0, 0, 0, 
0, 0, 0, 0, 0, 0,
0, 0, 0, 0, 0, 0, 0, 0, 0, 0, 0, 0, 0, 0, 0, 0, 
0, 0, 0, 0, 0, 0,
0, 0, 0, 0, 0, 0, 0, 0, 0, 0, 0, 0, 0, 0, 0, 0, 
0, 0, 0, 0, 0, 0,
0, 0, 0, 0, 0, 0, 0, 0, 0, 0, 0, 0, 0, 0, 0, 0, 
0, 0, 0, 0, 0, 0,
0, 0, 0, 0, 0, 0, 0, 0, 0, 0, 0, 0, 0, 0, 0, 0, 
0, 0, 0, 0, 0, 0,
0, 0, 0, 0, 0, 0, 0, 0, 0, 0, 0, 0, 0, 0, 0, 0, 
0, 0, 0, 0, 0, 0,
0, 0, 0, 0, 0, 0, 0, 0, 0, 0, 0, 0, 0, 0, 0, 0, 
0, 0, 0, 0, 0, 0,
0, 0, 0, 0, 0, 0, 0, 0, 0, 0, 0, 0, 0, 0, 0, 0, 
0, 0, 0, 0, 0, 0,
0, 0, 0, 0, 0, 0, 0, 0, 0, 0, 0, 0, 0, 0, 0, 0, 
0, 0, 0, 0, 0, 0,
0, 0, 0, 0, 0, 0, 0, 0, 0, 0, 0, 0, 0, 0, 0, 0, 
0, 0, 0, 0, 0, 0,
0, 0, 0, 0, 0, 0, 0, 0, 0, 0, 0, 0, 0, 0, 0, 0, 
0, 0, 0, 0, 0, 0,
0, 0, 0, 0, 0, 0, 0, 0, 0, 0, 0, 0, 0, 0, 0, 0, 
0, 0, 0, 0, 0, 0,
0, 0, 0, 0, 0, 0, 0, 0, 0, 0, 0, 0, 0, 0, 0, 0, 
0, 0, 0, 0, 0, 0,
0, 0, 0, 0, 0, 0, 0, 0, 0, 0, 0, 0, 0, 0, 0, 0, 
0, 0, 0, 0, 0, 0,
0, 0, 0, 0, 0, 0, 0, 0, 0, 0, 0, 0, 0, 0, 0, 0, 
0, 0, 0, 0, 0, 0,
0, 0, 0, 0, 0, 0, 0, 0, 0, 0, 0, 0, 0, 0, 0, 0, 
0, 0, 0, 0, 0, 0,
0, 0, 0, 0, 0, 0, 0, 0, 0, 0, 0, 0, 0, 0, 0, 0, 
0, 0, 0, 0, 0, 0,
0, 0, 0, 0, 0, 0, 0, 0, 0, 0, 0, 0, 0, 0, 0, 0, 
0, 0, 0, 0, 0, 0,
0, 0, 0, 0, 0, 0, 0, 0, 0, 0, 0, 0, 0, 0, 0, 0, 
0, 0, 0, 0, 0, 1,
0, 0, 0, 0, 0, 0, 0, 0, 0, 0, 0, 0, 0, 0, 0, 0, 
0, 0, 0, 0, 1, 53,
0, 0, 0, 0, 0, 0, 0, 0, 0, 0, 0, 0, 0, 0, 0, 0, 
0, 0, 0, 35, 4, 5,
0, 0, 0, 0, 0, 0, 0, 0, 0, 0, 0, 0, 0, 0, 0, 0, 
0, 0, 0, 121, 4, 5,
62, 120, 137, 136, 137, 136, 121, 62, 0, 0, 0, 0, 0, 0, 0, 0, 
0, 0, 0, 35, 4, 5,
2, 2, 2, 2, 2, 3, 138, 82, 0, 0, 0, 0, 0, 0, 0, 0, 
0, 0, 0, 0, 7, 52,
11, 15, 5, 5, 5, 54, 2, 2, 3, 0, 0, 0, 0, 0, 0, 0, 
0, 0, 0, 0, 0, 7,
11, 17, 11, 11, 11, 11, 11, 10, 6, 0, 0, 0, 0, 0, 0, 0, 
0, 0, 0, 0, 0, 0,
5, 12, 5, 5, 5, 55, 8, 8, 9, 0, 0, 0, 0, 0, 0, 0, 
0, 0, 0, 0, 0, 0,
5, 12, 5, 5, 5, 54, 2, 3, 0, 0, 0, 0, 0, 0, 0, 0, 
0, 0, 0, 0, 0, 0,
5, 14, 11, 11, 15, 5, 5, 6, 0, 0, 0, 0, 0, 0, 0, 0, 
0, 0, 0, 0, 0, 0,
5, 5, 5, 5, 12, 55, 8, 9, 0, 0, 0, 0, 0, 0, 0, 0, 
0, 0, 0, 0, 0, 0,
5, 5, 5, 5, 12, 54, 2, 2, 2, 2, 3, 0, 0, 0, 0, 0, 
0, 0, 0, 0, 0, 0,
5, 5, 5, 16, 13, 5, 5, 5, 5, 10, 6, 0, 0, 0, 0, 0, 
0, 0, 0, 0, 0, 0,
5, 5, 16, 13, 5, 55, 8, 8, 8, 8, 9, 0, 0, 0, 0, 0, 
0, 0, 0, 0, 0, 0,
5, 16, 13, 5, 55, 9, 0, 0, 0, 0, 0, 0, 0, 0, 0, 0, 
0, 0, 0, 0, 0, 0,
16, 13, 5, 55, 9, 0, 0, 0, 0, 0, 0, 0, 0, 0, 0, 0, 
0, 0, 0, 0, 0, 0,
13, 5, 5, 6, 0, 0, 0, 0, 0, 0, 0, 0, 0, 0, 0, 0, 
0, 0, 0, 0, 0, 0,
5, 5, 5, 6, 0, 0, 0, 0, 0, 0, 0, 0, 0, 0, 0, 0, 
0, 1, 2, 2, 2, 2,
55, 52, 5, 6, 0, 0, 0, 0, 0, 0, 0, 0, 0, 0, 0, 0, 
0, 4, 18, 18, 18, 18,
113, 114, 52, 6, 0, 0, 0, 0, 0, 0, 0, 0, 0, 0, 0, 0, 
0, 4, 18, 18, 18, 18,
132, 133, 53, 6, 0, 0, 0, 0, 0, 0, 0, 0, 0, 0, 0, 0, 
0, 7, 8, 8, 8, 8,
54, 53, 5, 6, 0, 0, 0, 0, 0, 0, 0, 0, 0, 0, 0, 0, 
0, 0, 0, 0, 0, 0,
5, 5, 5, 54, 3, 0, 0, 0, 0, 0, 0, 0, 0, 0, 0, 0, 
0, 0, 0, 0, 0, 0,
5, 5, 5, 5, 54, 2, 3, 0, 0, 0, 0, 0, 0, 0, 0, 0, 
0, 0, 0, 0, 0, 0,
5, 55, 23, 52, 5, 5, 54, 2, 3, 0, 0, 0, 0, 0, 0, 0, 
0, 0, 0, 0, 0, 0,
55, 9, 25, 7, 52, 5, 5, 5, 6, 0, 0, 0, 0, 0, 0, 0, 
0, 0, 0, 0, 0, 0,
22, 24, 26, 24, 21, 5, 5, 5, 6, 0, 0, 0, 0, 0, 0, 0, 
0, 0, 0, 0, 0, 0,
54, 3, 25, 1, 53, 5, 5, 5, 6, 0, 0, 0, 0, 0, 0, 0, 
0, 0, 0, 0, 0, 0,
5, 54, 20, 53, 5, 5, 5, 5, 6, 0, 0, 0, 0, 0, 0, 0, 
0, 0, 0, 0, 0, 0,
5, 5, 5, 5, 5, 55, 8, 8, 9, 0, 0, 0, 0, 0, 0, 0, 
0, 0, 0, 0, 0, 0,
5, 5, 5, 5, 55, 9, 0, 0, 0, 0, 0, 0, 0, 0, 0, 0, 
0, 0, 0, 1, 2, 2,
5, 5, 5, 55, 9, 0, 0, 0, 0, 0, 0, 0, 0, 0, 0, 0, 
0, 0, 0, 4, 5, 5,
8, 8, 8, 9, 0, 0, 0, 0, 0, 0, 0, 0, 0, 0, 0, 0, 
0, 0, 111, 116, 8, 8,
117, 117, 117, 118, 119, 0, 0, 0, 0, 0, 0, 0, 0, 0, 0, 0, 
0, 0, 130, 135, 2, 2,
117, 118, 119, 0, 0, 0, 0, 0, 0, 0, 0, 0, 0, 0, 0, 0, 
0, 0, 0, 4, 5, 5,
117, 117, 118, 119, 0, 0, 0, 0, 0, 0, 0, 0, 0, 0, 0, 0, 
0, 0, 111, 116, 8, 8,
0, 0, 0, 0, 0, 0, 0, 0, 0, 0, 1, 3, 0, 0, 0, 0, 
0, 0, 130, 135, 2, 2,
0, 0, 0, 0, 0, 0, 0, 0, 0, 43, 53, 54, 45, 0, 0, 0, 
0, 0, 0, 4, 5, 5,
0, 0, 0, 0, 0, 0, 0, 0, 1, 53, 5, 5, 54, 3, 0, 0, 
0, 0, 0, 7, 8, 8,
0, 0, 0, 0, 0, 0, 0, 43, 47, 47, 5, 5, 47, 47, 45, 0, 
0, 0, 0, 0, 0, 0,
0, 0, 0, 0, 0, 0, 0, 4, 5, 96, 98, 98, 97, 5, 6, 0, 
0, 0, 0, 0, 0, 0,
0, 0, 0, 0, 0, 0, 0, 46, 47, 47, 5, 5, 47, 47, 48, 0, 
0, 0, 0, 0, 0, 0,
0, 0, 0, 0, 0, 0, 0, 4, 5, 96, 98, 98, 97, 5, 6, 0, 
0, 0, 0, 0, 0, 0,
0, 0, 0, 0, 0, 0, 0, 46, 47, 47, 5, 5, 47, 47, 48, 0, 
0, 0, 0, 0, 0, 0,
0, 0, 0, 0, 0, 0, 0, 4, 5, 96, 98, 98, 97, 5, 6, 0, 
0, 0, 0, 0, 0, 0,
0, 0, 0, 0, 0, 0, 0, 46, 47, 47, 5, 5, 47, 47, 48, 0, 
0, 0, 0, 0, 0, 0,
0, 0, 0, 0, 0, 0, 0, 4, 5, 96, 98, 98, 97, 5, 6, 0, 
0, 0, 0, 0, 0, 0,
0, 0, 0, 0, 0, 0, 0, 49, 47, 47, 5, 5, 47, 47, 51, 0, 
0, 0, 0, 0, 0, 0,
0, 0, 0, 0, 0, 0, 0, 0, 7, 52, 5, 5, 55, 9, 0, 0, 
0, 0, 0, 0, 0, 0,
0, 0, 0, 0, 0, 0, 0, 0, 0, 49, 52, 55, 51, 0, 0, 0, 
0, 0, 0, 0, 0, 0,
2, 3, 0, 0, 0, 0, 0, 0, 0, 0, 7, 9, 0, 0, 0, 0, 
0, 0, 0, 0, 0, 0,
10, 54, 3, 0, 0, 0, 0, 0, 0, 0, 0, 0, 0, 0, 0, 0, 
0, 1, 2, 2, 2, 2,
12, 89, 71, 3, 0, 0, 0, 0, 0, 0, 0, 0, 0, 0, 0, 0, 
1, 96, 98, 98, 98, 98,
12, 91, 92, 54, 3, 0, 0, 0, 0, 0, 0, 0, 0, 0, 0, 0, 
4, 5, 55, 8, 8, 52,
12, 5, 89, 90, 54, 3, 0, 0, 0, 0, 0, 0, 0, 0, 0, 0, 
4, 5, 6, 115, 116, 4,
14, 15, 91, 92, 5, 54, 3, 0, 0, 0, 0, 0, 0, 0, 0, 0, 
4, 5, 6, 134, 135, 4,
11, 17, 11, 11, 11, 10, 6, 0, 0, 0, 0, 0, 0, 0, 0, 0, 
4, 5, 54, 2, 2, 53,
16, 13, 89, 90, 5, 55, 9, 0, 0, 0, 0, 0, 0, 0, 0, 0, 
7, 96, 98, 98, 98, 98,
12, 5, 91, 92, 55, 9, 0, 0, 0, 0, 0, 0, 0, 0, 0, 0, 
0, 7, 8, 8, 8, 8,
12, 89, 90, 55, 9, 0, 0, 0, 0, 0, 0, 0, 0, 0, 0, 0, 
0, 0, 0, 0, 0, 0,
12, 91, 72, 9, 0, 0, 0, 0, 0, 0, 0, 0, 0, 0, 0, 0, 
0, 0, 0, 0, 0, 0,
10, 55, 9, 0, 0, 0, 0, 0, 0, 0, 0, 0, 0, 0, 0, 0, 
0, 0, 0, 0, 0, 0,
8, 9, 0, 0, 0, 0, 0, 0, 0, 0, 0, 0, 0, 0, 0, 0, 
0, 0, 0, 0, 0, 0,
0, 0, 0, 0, 0, 0, 0, 0, 0, 0, 0, 0, 1, 62, 62, 62, 
62, 3, 0, 0, 0, 0,
0, 0, 0, 0, 0, 0, 0, 0, 0, 0, 0, 0, 4, 120, 137, 136, 
121, 6, 0, 0, 0, 0,
0, 0, 0, 0, 0, 0, 0, 0, 0, 0, 0, 0, 4, 120, 136, 137, 
121, 6, 0, 0, 0, 0,
0, 0, 0, 0, 0, 0, 0, 0, 0, 0, 0, 0, 4, 120, 137, 136, 
121, 6, 0, 0, 0, 0,
0, 0, 0, 0, 0, 0, 0, 0, 0, 0, 0, 0, 4, 120, 136, 137, 
121, 6, 0, 0, 0, 0,
0, 0, 0, 100, 101, 100, 101, 0, 0, 0, 0, 0, 7, 82, 82, 82, 
82, 9, 0, 0, 0, 0,
0, 0, 0, 111, 112, 109, 110, 0, 0, 0, 0, 0, 0, 0, 0, 0, 
0, 0, 0, 0, 0, 0,
0, 0, 0, 130, 135, 132, 129, 0, 0, 0, 0, 0, 0, 0, 0, 0, 
0, 0, 0, 0, 0, 0,
0, 0, 0, 109, 114, 115, 112, 0, 0, 0, 0, 0, 0, 0, 0, 0, 
0, 0, 0, 0, 0, 0,
0, 0, 0, 128, 129, 130, 131, 0, 0, 0, 0, 0, 0, 0, 0, 0, 
0, 0, 0, 0, 111, 112,
0, 0, 0, 138, 138, 138, 138, 0, 0, 0, 0, 0, 0, 0, 0, 0, 
0, 0, 0, 0, 130, 135,
0, 0, 0, 0, 138, 138, 138, 138, 0, 0, 0, 0, 0, 0, 0, 0, 
0, 0, 109, 110, 1, 53,
0, 0, 0, 0, 0, 138, 138, 138, 138, 0, 0, 0, 0, 0, 0, 0, 
0, 0, 128, 133, 53, 5,
0, 0, 0, 0, 0, 0, 138, 138, 138, 0, 0, 0, 0, 0, 0, 0, 
109, 110, 1, 53, 5, 55,
0, 0, 0, 0, 0, 0, 0, 138, 0, 0, 0, 0, 0, 0, 0, 0, 
128, 133, 53, 5, 55, 9,
0, 0, 0, 0, 0, 0, 0, 0, 0, 0, 0, 0, 0, 0, 0, 0, 
35, 4, 5, 55, 9, 0,
0, 0, 0, 0, 0, 0, 0, 0, 0, 0, 0, 0, 0, 0, 0, 0, 
35, 4, 5, 54, 3, 0,
0, 0, 0, 0, 0, 0, 0, 0, 0, 0, 0, 0, 0, 0, 0, 0, 
35, 4, 5, 5, 54, 2,
0, 0, 0, 0, 0, 0, 0, 0, 0, 0, 0, 0, 0, 0, 0, 0, 
35, 4, 5, 5, 5, 5,
0, 0, 0, 0, 0, 0, 0, 0, 0, 0, 0, 0, 0, 0, 0, 0, 
109, 114, 8, 8, 8, 8,
117, 117, 118, 119, 0, 0, 0, 0, 0, 0, 0, 0, 0, 0, 0, 0, 
128, 129, 31, 31, 31, 31,
62, 62, 62, 62, 0, 0, 0, 0, 0, 0, 0, 0, 0, 0, 0, 0, 
0, 0, 0, 0, 0, 0,
28, 28, 28, 29, 0, 0, 0, 0, 0, 0, 0, 0, 0, 0, 0, 0, 
0, 0, 0, 0, 0, 0,
47, 47, 47, 27, 0, 0, 0, 0, 0, 0, 0, 0, 0, 0, 0, 0, 
0, 0, 0, 0, 0, 0,
47, 47, 47, 27, 0, 0, 0, 0, 0, 0, 0, 0, 0, 0, 0, 0, 
0, 0, 0, 0, 0, 0,
47, 47, 47, 27, 0, 0, 0, 0, 0, 0, 0, 0, 0, 0, 0, 0, 
0, 0, 0, 0, 0, 0,
28, 28, 28, 29, 0, 0, 0, 0, 0, 0, 0, 0, 0, 0, 0, 0, 
0, 0, 0, 0, 0, 0,
82, 82, 82, 82, 0, 0, 0, 0, 0, 0, 0, 0, 0, 0, 0, 0, 
0, 0, 0, 0, 0, 0,
117, 117, 118, 119, 0, 0, 0, 0, 0, 0, 1, 3, 0, 0, 0, 0, 
0, 0, 0, 0, 0, 0,
0, 0, 0, 0, 0, 0, 0, 0, 0, 0, 4, 6, 0, 0, 0, 0, 
0, 0, 0, 0, 0, 0,
0, 0, 0, 0, 0, 0, 0, 0, 0, 1, 53, 54, 3, 0, 0, 0, 
0, 0, 0, 0, 0, 0,
0, 0, 0, 0, 0, 0, 0, 0, 0, 4, 5, 5, 6, 0, 0, 0, 
0, 0, 0, 0, 0, 0,
0, 0, 0, 0, 0, 0, 0, 0, 1, 53, 5, 5, 54, 3, 0, 0, 
0, 0, 0, 0, 0, 0,
0, 0, 0, 0, 0, 0, 0, 0, 4, 5, 89, 90, 5, 6, 0, 0, 
0, 0, 0, 0, 0, 0,
0, 0, 0, 0, 0, 0, 0, 1, 53, 5, 4, 6, 5, 54, 3, 0, 
0, 0, 0, 0, 0, 0,
0, 0, 0, 0, 0, 0, 0, 4, 5, 89, 70, 71, 90, 5, 6, 0, 
0, 0, 0, 0, 0, 0,
0, 0, 0, 0, 0, 0, 0, 4, 5, 91, 69, 72, 92, 5, 6, 0, 
0, 0, 0, 0, 0, 0,
0, 0, 0, 0, 0, 0, 0, 7, 52, 5, 4, 6, 5, 55, 9, 0, 
0, 0, 0, 0, 0, 0,
3, 0, 0, 0, 0, 0, 0, 0, 4, 5, 91, 92, 5, 6, 0, 0, 
0, 0, 0, 0, 0, 1,
6, 0, 0, 0, 0, 0, 0, 0, 7, 52, 5, 5, 55, 9, 0, 0, 
0, 0, 0, 0, 0, 4,
54, 3, 0, 0, 0, 0, 0, 0, 0, 4, 5, 5, 6, 0, 0, 0, 
0, 0, 0, 0, 1, 53,
5, 6, 0, 0, 0, 0, 0, 0, 0, 7, 52, 55, 9, 0, 0, 0, 
0, 0, 0, 0, 4, 5,
5, 54, 3, 0, 0, 0, 0, 0, 0, 0, 4, 6, 0, 0, 0, 0, 
0, 0, 0, 1, 53, 5,
5, 5, 6, 0, 0, 0, 0, 0, 0, 0, 7, 9, 0, 0, 0, 0, 
0, 0, 0, 4, 5, 5,
5, 5, 54, 3, 0, 0, 0, 0, 0, 0, 0, 0, 0, 0, 0, 0, 
0, 0, 1, 53, 5, 5,
5, 5, 5, 6, 0, 0, 0, 0, 0, 0, 0, 0, 0, 0, 0, 0, 
0, 0, 4, 5, 5, 5,
64, 65, 66, 67, 68, 0, 0, 0, 0, 0, 0, 0, 0, 0, 0, 0, 
0, 63, 64, 65, 66, 67,
84, 85, 86, 87, 88, 0, 0, 0, 0, 0, 0, 0, 0, 0, 0, 0, 
0, 83, 84, 85, 86, 87,
104, 105, 106, 107, 108, 0, 0, 0, 0, 0, 0, 0, 0, 0, 0, 0, 
0, 103, 104, 105, 106, 107,
123, 124, 125, 126, 127, 0, 0, 0, 0, 0, 0, 0, 0, 0, 0, 0, 
0, 122, 123, 124, 125, 126,
140, 141, 142, 143, 144, 0, 0, 0, 0, 0, 0, 0, 0, 0, 0, 0, 
0, 139, 140, 141, 142, 143,
146, 147, 148, 149, 0, 0, 0, 0, 0, 0, 0, 0, 0, 0, 0, 0, 
0, 0, 146, 147, 148, 149,
0, 0, 0, 0, 0, 0, 0, 0, 0, 0, 0, 0, 0, 0, 0, 0, 
0, 0, 0, 0, 0, 138,
62, 62, 73, 74, 0, 0, 0, 0, 0, 0, 0, 0, 0, 0, 0, 0, 
0, 0, 0, 121, 62, 62,
82, 82, 93, 94, 0, 0, 0, 0, 0, 0, 0, 0, 0, 0, 0, 0, 
0, 0, 0, 121, 82, 82,
0, 0, 0, 0, 0, 0, 0, 0, 0, 0, 0, 0, 0, 0, 0, 0, 
0, 0, 0, 0, 0, 138,
0, 0, 0, 0, 0, 0, 0, 0, 0, 0, 0, 0, 0, 0, 0, 0, 
0, 0, 0, 0, 0, 43,
0, 0, 0, 0, 0, 0, 0, 0, 0, 1, 2, 2, 3, 0, 0, 0, 
0, 0, 0, 0, 0, 46,
0, 0, 0, 0, 0, 0, 0, 0, 1, 70, 2, 2, 71, 3, 0, 0, 
0, 0, 0, 0, 0, 46,
45, 0, 0, 0, 0, 0, 0, 0, 4, 4, 55, 52, 6, 6, 0, 0, 
0, 0, 0, 0, 0, 46,
48, 0, 0, 0, 0, 0, 0, 0, 4, 4, 54, 53, 6, 6, 0, 0, 
0, 0, 0, 0, 0, 46,
48, 0, 0, 0, 0, 0, 0, 0, 7, 69, 8, 8, 72, 9, 0, 0, 
0, 0, 0, 0, 0, 46,
48, 0, 0, 0, 0, 0, 0, 109, 110, 7, 8, 8, 9, 109, 110, 0, 
0, 0, 0, 0, 0, 49,
48, 0, 0, 0, 0, 0, 0, 128, 133, 2, 2, 2, 2, 132, 129, 0, 
0, 0, 0, 0, 0, 0,
48, 0, 0, 0, 0, 0, 0, 1, 53, 5, 5, 5, 5, 54, 3, 0, 
0, 0, 0, 0, 0, 0,
51, 0, 0, 0, 0, 0, 0, 4, 5, 55, 8, 8, 52, 5, 6, 0, 
0, 0, 0, 0, 0, 0,
0, 0, 0, 0, 0, 0, 0, 4, 5, 6, 0, 0, 4, 5, 6, 0, 
0, 0, 0, 0, 0, 0,
0, 0, 0, 0, 0, 0, 0, 4, 5, 6, 0, 0, 4, 5, 6, 0, 
0, 0, 0, 0, 0, 0,
0, 0, 0, 0, 0, 0, 0, 4, 5, 54, 2, 2, 53, 5, 6, 0, 
0, 0, 0, 0, 0, 0,
0, 0, 0, 0, 0, 0, 0, 7, 52, 5, 96, 97, 5, 55, 9, 0, 
0, 0, 0, 0, 0, 0,
0, 0, 0, 0, 0, 0, 0, 0, 7, 52, 5, 5, 55, 9, 0, 0, 
0, 0, 0, 0, 0, 0,
3, 0, 0, 0, 0, 0, 0, 0, 0, 4, 99, 99, 6, 0, 0, 0, 
0, 0, 0, 0, 0, 1,
10, 3, 0, 0, 0, 0, 0, 0, 0, 4, 5, 5, 6, 0, 0, 0, 
0, 0, 0, 0, 1, 10,
7, 10, 3, 0, 0, 0, 0, 0, 0, 4, 5, 5, 6, 0, 0, 0, 
0, 0, 0, 1, 10, 9,
0, 7, 10, 3, 0, 0, 0, 0, 0, 7, 115, 116, 9, 0, 0, 0, 
0, 0, 1, 10, 9, 0,
0, 0, 7, 95, 0, 0, 0, 0, 0, 0, 130, 131, 0, 0, 0, 0, 
0, 0, 95, 9, 0, 0,
0, 0, 0, 0, 0, 0, 0, 0, 0, 0, 0, 0, 0, 0, 0, 0, 
0, 0, 0, 0, 0, 0,
0, 0, 0, 0, 0, 0, 0, 0, 0, 0, 0, 0, 0, 0, 0, 0, 
0, 0, 0, 0, 0, 0,
0, 0, 0, 0, 0, 0, 0, 0, 0, 0, 0, 0, 0, 0, 0, 0, 
0, 0, 0, 0, 0, 0,
0, 0, 0, 0, 0, 0, 0, 0, 0, 0, 0, 0, 0, 0, 0, 0, 
0, 0, 0, 0, 0, 0,
0, 0, 0, 0, 0, 0, 0, 0, 0, 0, 0, 0, 0, 0, 0, 0, 
0, 0, 0, 0, 0, 0,
0, 0, 0, 0, 0, 100, 101, 0, 0, 0, 0, 0, 0, 0, 0, 100, 
101, 0, 0, 0, 0, 0,
0, 0, 0, 0, 1, 2, 2, 3, 0, 0, 0, 0, 0, 0, 1, 2, 
2, 3, 0, 0, 0, 0,
0, 0, 0, 0, 4, 16, 15, 6, 62, 0, 0, 0, 0, 62, 4, 16, 
15, 6, 0, 0, 0, 0,
0, 0, 0, 0, 4, 12, 12, 6, 82, 0, 0, 0, 0, 82, 4, 12, 
12, 6, 0, 0, 0, 0,
0, 0, 0, 0, 4, 12, 12, 6, 62, 0, 0, 0, 0, 62, 4, 12, 
12, 6, 0, 0, 0, 0,
0, 0, 0, 0, 4, 12, 12, 6, 82, 0, 0, 0, 0, 82, 4, 12, 
12, 6, 0, 0, 0, 0,
0, 0, 0, 0, 7, 113, 114, 9, 0, 0, 0, 0, 0, 0, 7, 113, 
114, 9, 0, 0, 0, 0,
0, 0, 0, 0, 0, 128, 129, 0, 0, 0, 0, 0, 0, 0, 0, 128, 
129, 0, 0, 0, 0, 0,
0, 0, 0, 0, 0, 0, 0, 0, 0, 0, 0, 0, 0, 0, 0, 0, 
0, 0, 0, 0, 0, 0,
0, 0, 0, 0, 0, 0, 0, 0, 0, 0, 0, 0, 0, 0, 0, 0, 
0, 0, 0, 0, 0, 0,
3, 0, 0, 0, 0, 0, 0, 0, 0, 0, 0, 0, 0, 0, 0, 0, 
0, 0, 0, 0, 0, 1,
54, 3, 0, 0, 0, 0, 0, 0, 0, 0, 0, 0, 0, 0, 0, 0, 
0, 0, 0, 0, 1, 53,
5, 54, 2, 2, 2, 2, 2, 3, 0, 0, 0, 0, 0, 0, 1, 2, 
2, 2, 2, 2, 53, 5,
5, 5, 5, 5, 5, 5, 5, 6, 120, 0, 0, 0, 0, 121, 4, 5, 
5, 5, 5, 5, 5, 5,
5, 55, 8, 8, 8, 8, 8, 9, 0, 0, 0, 0, 0, 0, 7, 8, 
8, 8, 8, 8, 52, 5,
55, 9, 0, 0, 0, 0, 0, 0, 0, 0, 0, 0, 0, 0, 0, 0, 
0, 0, 0, 0, 7, 52,
9, 0, 0, 0, 0, 0, 0, 0, 0, 0, 0, 0, 0, 0, 0, 0, 
0, 0, 0, 0, 0, 7,
0, 0, 0, 0, 0, 0, 0, 0, 0, 0, 0, 0, 0, 0, 0, 0, 
0, 0, 0, 0, 0, 0,
0, 0, 0, 0, 0, 0, 0, 0, 0, 0, 0, 0, 0, 0, 0, 0, 
0, 0, 0, 0, 0, 0,
0, 0, 0, 0, 0, 0, 0, 0, 0, 0, 0, 0, 0, 0, 0, 0, 
0, 0, 1, 2, 2, 2,
0, 0, 0, 0, 0, 0, 0, 0, 0, 0, 0, 0, 0, 0, 0, 0, 
0, 0, 4, 55, 8, 52,
0, 0, 0, 0, 0, 1, 2, 2, 2, 2, 3, 0, 0, 0, 0, 0, 
0, 0, 4, 6, 138, 4,
0, 0, 0, 0, 0, 4, 99, 99, 99, 99, 54, 3, 0, 0, 0, 0, 
0, 0, 4, 6, 138, 4,
0, 0, 0, 0, 0, 7, 8, 113, 114, 52, 10, 54, 3, 0, 0, 0, 
0, 0, 4, 6, 138, 4,
0, 0, 0, 0, 0, 0, 0, 128, 129, 7, 52, 10, 6, 0, 0, 0, 
0, 0, 4, 6, 138, 4,
0, 0, 0, 0, 0, 0, 0, 0, 0, 0, 7, 52, 6, 0, 0, 0, 
0, 0, 7, 9, 0, 7,
0, 0, 0, 0, 0, 0, 0, 0, 0, 0, 0, 4, 6, 0, 0, 0, 
0, 0, 0, 0, 0, 0,
0, 0, 0, 0, 0, 0, 0, 0, 0, 1, 3, 4, 6, 0, 0, 0, 
0, 0, 0, 0, 0, 0,
0, 0, 0, 0, 0, 0, 0, 0, 0, 4, 6, 7, 9, 0, 0, 0, 
0, 0, 0, 0, 0, 0,
0, 0, 0, 0, 0, 0, 0, 0, 0, 4, 6, 0, 0, 111, 112, 0, 
0, 0, 0, 0, 0, 0,
0, 0, 0, 0, 0, 0, 0, 0, 0, 4, 54, 3, 1, 134, 131, 0, 
0, 0, 0, 0, 0, 0,
0, 0, 0, 0, 0, 0, 0, 0, 0, 7, 23, 8, 23, 9, 0, 0, 
0, 0, 0, 0, 0, 0,
3, 0, 0, 0, 0, 0, 0, 0, 0, 0, 25, 95, 25, 0, 0, 0, 
0, 0, 0, 0, 0, 0,
6, 0, 0, 0, 0, 0, 0, 0, 0, 95, 26, 24, 26, 95, 0, 0, 
0, 0, 0, 0, 0, 0,
9, 0, 0, 0, 0, 0, 0, 0, 0, 0, 25, 95, 25, 0, 0, 0, 
0, 0, 0, 0, 0, 0,
0, 0, 0, 0, 0, 0, 0, 0, 0, 1, 20, 2, 20, 3, 0, 0, 
0, 0, 0, 0, 0, 0,
0, 0, 0, 0, 0, 0, 0, 0, 0, 4, 55, 8, 52, 6, 0, 0, 
0, 0, 0, 0, 0, 0,
0, 0, 0, 0, 0, 0, 0, 0, 0, 4, 6, 0, 4, 6, 0, 0, 
0, 0, 0, 0, 0, 0,
0, 0, 0, 0, 0, 0, 0, 0, 0, 4, 54, 2, 53, 6, 0, 0, 
0, 0, 0, 0, 0, 0,
0, 0, 0, 0, 0, 0, 0, 0, 0, 7, 52, 5, 55, 9, 0, 0, 
0, 0, 0, 0, 0, 0,
0, 0, 0, 0, 0, 0, 0, 0, 0, 0, 4, 5, 6, 0, 0, 0, 
0, 0, 0, 0, 0, 0,
0, 0, 0, 0, 0, 0, 0, 0, 0, 0, 4, 5, 6, 0, 0, 0, 
0, 0, 0, 0, 0, 0,
0, 0, 0, 0, 0, 0, 0, 0, 0, 0, 7, 8, 9, 0, 0, 0, 
0, 0, 0, 0, 0, 0,
0, 0, 0, 0, 0, 0, 0, 0, 0, 0, 0, 0, 0, 0, 0, 0, 
0, 0, 0, 0, 0, 0,
0, 0, 0, 0, 0, 0, 0, 0, 0, 0, 0, 0, 0, 0, 0, 0, 
0, 0, 0, 0, 0, 0,
0, 0, 0, 0, 0, 0, 0, 0, 0, 0, 0, 0, 0, 0, 0, 0, 
0, 0, 0, 0, 0, 0,
0, 0, 0, 0, 0, 0, 0, 0, 0, 0, 0, 0, 0, 0, 0, 0, 
0, 0, 0, 0, 0, 0,
0, 0, 0, 0, 0, 0, 0, 0, 0, 0, 0, 0, 0, 0, 0, 0, 
0, 0, 0, 0, 0, 0,
0, 0, 0, 0, 0, 1, 2, 3, 0, 0, 0, 0, 0, 0, 0, 0, 
0, 0, 0, 35, 62, 62,
120, 137, 136, 137, 121, 96, 98, 97, 0, 0, 0, 0, 0, 0, 0, 0, 
0, 0, 0, 35, 82, 82,
0, 0, 0, 0, 0, 4, 95, 6, 0, 0, 0, 0, 0, 0, 0, 0, 
0, 0, 0, 0, 0, 27,
120, 136, 137, 136, 121, 96, 98, 97, 0, 0, 0, 0, 0, 0, 0, 0, 
0, 0, 0, 0, 0, 27,
109, 110, 0, 0, 0, 7, 8, 9, 0, 0, 0, 0, 0, 0, 0, 0, 
0, 0, 0, 0, 0, 27,
128, 129, 0, 0, 0, 0, 0, 0, 0, 0, 0, 0, 0, 0, 0, 0, 
0, 0, 0, 0, 1, 2,
117, 117, 118, 119, 0, 0, 0, 0, 0, 0, 0, 0, 0, 0, 0, 0, 
0, 0, 0, 1, 53, 5,
117, 118, 119, 0, 0, 0, 0, 0, 0, 0, 0, 0, 1, 2, 3, 0, 
30, 0, 1, 53, 5, 5,
118, 119, 0, 0, 0, 0, 0, 0, 0, 0, 0, 33, 4, 5, 6, 28, 
29, 28, 4, 5, 95, 5,
119, 0, 0, 0, 0, 0, 0, 0, 0, 0, 0, 0, 7, 8, 9, 0, 
27, 0, 7, 52, 5, 5,
0, 0, 0, 0, 0, 0, 0, 0, 0, 0, 0, 30, 0, 31, 0, 0, 
27, 0, 35, 4, 5, 5,
0, 0, 0, 0, 0, 0, 0, 0, 0, 0, 1, 2, 3, 0, 0, 0, 
27, 0, 35, 4, 5, 5,
0, 0, 0, 0, 0, 0, 0, 0, 0, 1, 53, 5, 54, 3, 0, 0, 
27, 0, 1, 53, 5, 5,
0, 0, 0, 0, 0, 0, 0, 0, 0, 4, 5, 5, 5, 6, 28, 28, 
29, 28, 4, 5, 95, 5,
0, 0, 0, 0, 0, 0, 0, 0, 0, 7, 52, 5, 55, 9, 0, 0, 
31, 0, 7, 52, 5, 5,
0, 0, 0, 0, 0, 0, 0, 0, 0, 0, 7, 8, 9, 0, 0, 0, 
0, 0, 0, 7, 52, 5,
0, 0, 0, 0, 0, 0, 0, 0, 0, 0, 0, 0, 0, 0, 0, 0, 
0, 0, 0, 0, 7, 52,
0, 0, 0, 0, 0, 0, 0, 0, 0, 0, 0, 0, 0, 0, 0, 0, 
0, 0, 0, 0, 33, 4,
0, 0, 0, 0, 0, 0, 0, 0, 0, 0, 0, 0, 0, 0, 0, 0, 
0, 0, 0, 0, 35, 4,
0, 0, 0, 0, 0, 0, 0, 0, 0, 0, 0, 0, 0, 0, 0, 0, 
0, 0, 0, 0, 0, 4,
0, 0, 0, 0, 0, 0, 0, 0, 0, 0, 0, 0, 0, 0, 0, 0, 
0, 0, 0, 0, 0, 4,
2, 2, 3, 0, 0, 0, 0, 0, 1, 2, 2, 3, 0, 0, 0, 0, 
0, 0, 0, 0, 0, 7,
5, 5, 6, 120, 137, 136, 137, 121, 4, 5, 5, 6, 32, 0, 0, 0, 
0, 0, 0, 0, 0, 0,
5, 5, 6, 120, 136, 137, 136, 121, 4, 5, 5, 6, 0, 0, 0, 0, 
0, 0, 0, 0, 0, 0,
5, 5, 54, 3, 0, 0, 0, 0, 7, 8, 8, 9, 0, 0, 0, 0, 
0, 0, 0, 0, 0, 0,
64, 65, 66, 67, 68, 0, 0, 0, 0, 31, 31, 0, 0, 0, 0, 0, 
0, 0, 0, 0, 62, 62,
84, 85, 86, 87, 88, 0, 0, 0, 0, 0, 0, 0, 0, 0, 0, 0, 
0, 0, 0, 0, 82, 82,
104, 105, 106, 107, 108, 0, 0, 0, 0, 0, 0, 0, 0, 0, 0, 0, 
0, 0, 0, 0, 0, 0,
123, 124, 125, 126, 127, 0, 0, 0, 0, 0, 0, 0, 0, 0, 0, 0, 
0, 0, 0, 0, 0, 0,
140, 141, 142, 143, 144, 0, 0, 0, 0, 0, 0, 0, 0, 0, 0, 0, 
0, 0, 0, 0, 62, 62,
146, 147, 148, 149, 0, 0, 0, 0, 0, 0, 0, 0, 0, 0, 0, 0, 
0, 0, 0, 0, 82, 82,
0, 0, 0, 0, 0, 0, 0, 0, 100, 101, 0, 0, 100, 101, 0, 0, 
0, 0, 0, 0, 0, 0,
0, 0, 0, 0, 0, 0, 0, 0, 109, 110, 138, 138, 109, 110, 0, 0, 
0, 0, 0, 0, 0, 0,
0, 0, 0, 0, 0, 0, 0, 0, 128, 133, 2, 2, 132, 129, 0, 0, 
0, 0, 0, 0, 0, 0,
0, 0, 0, 0, 0, 0, 0, 0, 138, 4, 10, 10, 6, 138, 0, 0, 
0, 0, 0, 0, 0, 0,
0, 0, 0, 0, 0, 0, 0, 0, 138, 4, 10, 10, 6, 138, 0, 0, 
0, 0, 0, 0, 0, 0,
0, 0, 0, 0, 0, 0, 0, 0, 109, 114, 8, 8, 113, 110, 0, 0, 
0, 0, 0, 0, 0, 0,
0, 0, 0, 0, 0, 0, 0, 0, 128, 129, 138, 138, 128, 129, 0, 0, 
0, 0, 0, 0, 0, 0,
0, 0, 0, 0, 0, 0, 0, 0, 0, 0, 0, 0, 0, 0, 0, 0, 
0, 0, 0, 0, 0, 0,
138, 0, 0, 0, 0, 0, 0, 0, 0, 0, 0, 0, 0, 0, 0, 0, 
0, 0, 0, 0, 0, 138,
138, 138, 0, 0, 0, 0, 0, 0, 0, 0, 0, 0, 0, 0, 0, 0, 
0, 0, 0, 0, 138, 138,
138, 138, 138, 1, 2, 3, 0, 0, 0, 0, 0, 0, 0, 0, 0, 0, 
1, 2, 3, 138, 138, 138,
138, 138, 1, 53, 18, 6, 118, 119, 0, 0, 0, 0, 0, 0, 0, 121, 
4, 18, 54, 3, 138, 138,
138, 1, 53, 5, 55, 9, 0, 0, 0, 0, 0, 0, 0, 0, 0, 0, 
7, 52, 5, 54, 3, 138,
1, 53, 5, 55, 9, 0, 0, 0, 0, 0, 0, 0, 0, 0, 0, 0, 
0, 7, 52, 5, 54, 3,
53, 5, 55, 9, 0, 0, 0, 0, 0, 0, 0, 0, 0, 0, 0, 0, 
0, 0, 7, 52, 5, 54,
5, 55, 113, 110, 0, 0, 0, 0, 0, 0, 0, 0, 0, 0, 0, 0, 
0, 0, 0, 7, 52, 5,
5, 54, 132, 129, 0, 0, 0, 0, 0, 0, 0, 0, 0, 0, 0, 0, 
0, 0, 0, 0, 4, 5,
5, 5, 54, 2, 3, 0, 0, 0, 0, 0, 0, 0, 0, 0, 0, 0, 
0, 0, 0, 0, 4, 5,
5, 5, 5, 5, 115, 112, 0, 0, 0, 0, 0, 0, 0, 0, 0, 0, 
0, 0, 0, 0, 4, 5,
5, 5, 5, 5, 134, 131, 0, 0, 0, 0, 0, 0, 0, 0, 0, 0, 
0, 0, 0, 0, 4, 5,
5, 5, 55, 8, 9, 0, 0, 0, 0, 0, 0, 0, 0, 0, 0, 0, 
0, 0, 0, 0, 4, 5,
5, 55, 115, 112, 0, 0, 0, 0, 0, 0, 0, 0, 0, 0, 0, 0, 
0, 0, 0, 0, 4, 5,
5, 6, 130, 131, 0, 0, 0, 0, 0, 0, 0, 0, 0, 0, 0, 0, 
0, 0, 0, 0, 4, 5,
5, 6, 0, 0, 0, 0, 0, 0, 0, 0, 0, 0, 0, 0, 0, 0, 
0, 0, 0, 1, 53, 5,
5, 6, 0, 0, 0, 0, 0, 0, 0, 0, 0, 0, 0, 0, 0, 0, 
0, 0, 109, 114, 5, 5,
5, 6, 0, 0, 0, 0, 0, 0, 0, 0, 0, 0, 0, 0, 0, 0, 
0, 0, 128, 133, 5, 5,
5, 6, 0, 0, 0, 0, 0, 0, 0, 0, 0, 0, 0, 0, 0, 0, 
0, 0, 0, 7, 52, 5,
5, 6, 0, 0, 0, 0, 0, 0, 0, 0, 0, 0, 0, 0, 0, 0, 
0, 0, 0, 0, 4, 5,
5, 6, 0, 0, 0, 0, 0, 0, 0, 0, 0, 0, 0, 0, 0, 0, 
0, 0, 0, 0, 4, 5,
5, 6, 0, 0, 0, 0, 0, 0, 0, 0, 0, 0, 0, 0, 0, 0, 
0, 0, 0, 0, 4, 5,
5, 6, 0, 0, 0, 0, 0, 0, 0, 0, 0, 0, 0, 0, 0, 0, 
0, 0, 0, 0, 4, 5,
55, 113, 110, 0, 0, 0, 0, 0, 0, 0, 0, 0, 0, 0, 0, 0, 
0, 0, 0, 111, 116, 52,
9, 128, 129, 0, 0, 0, 0, 0, 0, 0, 0, 0, 0, 0, 0, 0, 
0, 0, 0, 130, 131, 7,
0, 0, 0, 0, 0, 0, 0, 0, 0, 0, 0, 0, 0, 0, 0, 0, 
0, 0, 0, 0, 0, 0,
0, 0, 0, 0, 0, 0, 0, 0, 0, 0, 0, 0, 0, 0, 0, 0, 
0, 0, 0, 0, 0, 0,
0, 0, 0, 0, 0, 0, 0, 0, 0, 0, 0, 0, 0, 0, 0, 0, 
0, 0, 0, 0, 0, 0,
0, 0, 0, 0, 0, 0, 0, 0, 0, 0, 0, 0, 0, 0, 0, 0, 
0, 0, 0, 0, 0, 0,
62, 62, 102, 0, 0, 0, 0, 0, 0, 0, 0, 0, 0, 0, 0, 0, 
0, 62, 62, 62, 62, 62,
82, 82, 102, 0, 0, 0, 0, 0, 0, 0, 0, 0, 0, 0, 0, 0, 
0, 82, 82, 82, 82, 82,
0, 0, 0, 0, 0, 0, 0, 0, 0, 0, 0, 0, 0, 0, 0, 0, 
0, 0, 42, 0, 42, 42,
0, 0, 0, 0, 0, 0, 0, 0, 0, 0, 0, 0, 0, 0, 0, 0, 
0, 0, 0, 0, 0, 42,
0, 0, 0, 0, 0, 0, 0, 0, 0, 0, 0, 0, 0, 0, 0, 0, 
0, 0, 0, 0, 0, 0,
0, 0, 0, 0, 0, 1, 2, 2, 2, 2, 2, 2, 3, 0, 0, 0, 
0, 0, 0, 0, 0, 0,
0, 0, 0, 0, 0, 4, 95, 89, 2, 2, 90, 95, 6, 73, 74, 0, 
0, 0, 0, 0, 0, 0,
0, 0, 0, 0, 0, 4, 89, 70, 70, 71, 71, 90, 6, 93, 94, 0, 
0, 0, 0, 0, 0, 0,
0, 0, 0, 0, 0, 4, 4, 70, 70, 71, 71, 6, 6, 73, 74, 0, 
0, 0, 0, 0, 0, 0,
0, 0, 0, 0, 0, 4, 4, 69, 69, 72, 72, 6, 6, 93, 75, 0, 
0, 0, 0, 0, 0, 0,
0, 0, 0, 0, 0, 4, 91, 69, 69, 72, 72, 92, 6, 73, 74, 0, 
0, 0, 0, 0, 0, 0,
0, 0, 0, 0, 0, 4, 95, 91, 8, 8, 92, 95, 6, 93, 94, 0, 
0, 0, 0, 0, 0, 0,
0, 0, 0, 0, 0, 7, 52, 96, 98, 98, 97, 55, 9, 0, 0, 0, 
0, 0, 0, 0, 0, 0,
0, 0, 0, 0, 0, 35, 4, 5, 5, 5, 5, 6, 73, 74, 0, 0, 
0, 0, 0, 0, 0, 0,
0, 0, 0, 0, 0, 35, 4, 5, 5, 5, 5, 6, 93, 94, 0, 0, 
0, 0, 0, 0, 0, 0,
0, 0, 0, 0, 0, 0, 63, 64, 65, 66, 67, 68, 0, 0, 0, 0, 
0, 0, 0, 0, 0, 0,
0, 0, 0, 0, 0, 0, 83, 84, 85, 86, 87, 88, 0, 0, 0, 0, 
0, 0, 0, 0, 0, 0,
0, 0, 0, 0, 0, 0, 103, 104, 105, 106, 107, 108, 0, 0, 0, 0, 
0, 0, 0, 0, 0, 0,
0, 0, 0, 0, 0, 0, 122, 123, 124, 125, 126, 127, 0, 0, 0, 0, 
0, 0, 0, 0, 0, 0,
0, 0, 0, 0, 0, 0, 139, 140, 141, 142, 143, 144, 0, 0, 0, 0, 
0, 0, 0, 0, 0, 0,
0, 0, 0, 0, 0, 0, 0, 146, 147, 148, 149, 0, 0, 0, 0, 0, 
0, 0, 0, 0, 0, 0,
0, 0, 0, 0, 0, 0, 0, 0, 0, 0, 0, 0, 0, 0, 0, 0, 
0, 0, 0, 0, 0, 0,
0, 0, 0, 0, 0, 0, 0, 0, 0, 0, 0, 0, 0, 0, 0, 0, 
0, 0, 0, 0, 0, 0,
0, 0, 0, 0, 0, 0, 0, 0, 0, 0, 0, 0, 0, 0, 0, 0, 
0, 0, 0, 0, 0, 0,
0, 0, 0, 0, 0, 0, 0, 0, 0, 0, 0, 0, 0, 0, 0, 0, 
0, 0, 0, 0, 0, 0,
44, 44, 44, 45, 0, 0, 0, 0, 0, 0, 0, 0, 0, 0, 0, 0, 
0, 0, 0, 0, 0, 0,
47, 115, 116, 48, 0, 0, 0, 0, 0, 0, 0, 0, 0, 0, 0, 0, 
0, 0, 0, 1, 2, 2,
47, 130, 131, 48, 0, 0, 0, 0, 0, 0, 0, 0, 0, 0, 0, 0, 
0, 0, 1, 53, 16, 15,
47, 47, 47, 48, 0, 0, 0, 0, 0, 0, 0, 0, 0, 0, 36, 37, 
38, 39, 4, 16, 13, 14,
50, 50, 50, 51, 0, 0, 0, 0, 0, 0, 0, 0, 0, 0, 56, 57, 
58, 59, 4, 14, 15, 16,
2, 2, 2, 3, 0, 0, 0, 0, 0, 0, 0, 0, 0, 0, 76, 77, 
78, 79, 7, 52, 14, 13,
16, 11, 15, 6, 34, 0, 0, 0, 0, 0, 0, 0, 0, 0, 0, 0, 
0, 0, 0, 7, 8, 8,
12, 10, 12, 6, 32, 0, 0, 0, 0, 0, 0, 0, 0, 0, 0, 0, 
0, 0, 0, 0, 0, 0,
12, 10, 12, 6, 32, 0, 0, 0, 0, 0, 0, 0, 0, 0, 0, 0, 
0, 0, 0, 0, 0, 0,
12, 10, 12, 6, 34, 0, 0, 0, 0, 0, 0, 0, 0, 0, 0, 0, 
0, 0, 0, 0, 0, 0,
12, 10, 12, 54, 3, 30, 0, 0, 0, 30, 30, 0, 0, 0, 0, 0, 
0, 0, 0, 0, 0, 0,
12, 10, 14, 15, 54, 2, 3, 0, 1, 2, 2, 3, 0, 0, 0, 0, 
0, 0, 0, 0, 0, 0,
12, 10, 10, 14, 11, 15, 22, 24, 21, 5, 5, 6, 0, 0, 0, 0, 
0, 0, 0, 0, 0, 0,
14, 11, 11, 11, 11, 13, 22, 24, 21, 5, 5, 6, 0, 0, 0, 0, 
0, 0, 0, 0, 0, 0,
5, 55, 8, 8, 8, 8, 9, 0, 7, 8, 8, 9, 0, 0, 0, 0, 
0, 0, 0, 0, 0, 0,
55, 9, 31, 31, 31, 31, 0, 0, 0, 31, 31, 0, 0, 0, 0, 0, 
0, 0, 0, 0, 0, 0,
9, 0, 0, 0, 0, 0, 0, 0, 0, 0, 0, 0, 0, 0, 0, 0, 
0, 0, 0, 0, 0, 0,
0, 0, 0, 0, 0, 0, 0, 0, 0, 0, 0, 0, 0, 0, 0, 0, 
0, 0, 0, 0, 0, 0,
0, 0, 0, 0, 0, 0, 0, 0, 0, 0, 0, 0, 0, 0, 0, 0, 
0, 0, 1, 2, 2, 2,
0, 0, 0, 0, 0, 0, 0, 0, 0, 0, 0, 0, 0, 0, 0, 0, 
0, 1, 53, 96, 98, 98,
0, 0, 0, 1, 3, 0, 0, 0, 0, 0, 0, 0, 0, 0, 0, 0, 
1, 53, 55, 8, 23, 8,
0, 0, 0, 4, 6, 73, 74, 0, 0, 0, 0, 0, 0, 0, 1, 2, 
53, 55, 9, 0, 25, 0,
0, 0, 0, 4, 6, 93, 75, 0, 0, 0, 0, 0, 0, 0, 4, 10, 
95, 22, 24, 24, 26, 24,
0, 0, 0, 7, 115, 112, 0, 0, 0, 0, 0, 0, 0, 0, 7, 8, 
52, 54, 3, 0, 25, 0,
0, 0, 0, 0, 130, 131, 0, 0, 0, 0, 0, 0, 0, 0, 0, 0, 
7, 52, 54, 2, 20, 2,
0, 0, 0, 0, 0, 0, 0, 0, 0, 0, 0, 0, 0, 0, 0, 0, 
0, 7, 52, 96, 98, 98,
0, 0, 0, 0, 0, 0, 0, 0, 0, 0, 0, 0, 0, 0, 0, 0, 
0, 0, 7, 8, 8, 8,
0, 0, 0, 0, 0, 0, 0, 0, 0, 0, 0, 0, 0, 0, 0, 0, 
0, 0, 0, 0, 0, 0,
0, 0, 0, 0, 0, 0, 0, 0, 0, 0, 0, 0, 0, 0, 0, 0, 
0, 0, 0, 0, 0, 0,
0, 0, 0, 0, 0, 0, 0, 0, 0, 0, 0, 1, 2, 3, 0, 0, 
0, 0, 0, 0, 0, 0,
0, 0, 0, 0, 0, 0, 0, 0, 0, 0, 0, 4, 89, 71, 3, 0, 
0, 0, 0, 0, 0, 0,
0, 0, 0, 0, 0, 0, 0, 0, 0, 0, 0, 4, 91, 72, 9, 0, 
0, 0, 0, 0, 0, 0,
0, 0, 0, 1, 2, 3, 0, 0, 0, 0, 0, 7, 8, 9, 0, 0, 
0, 0, 0, 0, 0, 0,
0, 0, 1, 70, 90, 6, 0, 0, 0, 0, 0, 0, 0, 0, 0, 0, 
0, 0, 0, 0, 0, 0,
0, 0, 7, 69, 92, 6, 0, 0, 0, 0, 0, 0, 0, 0, 0, 0, 
0, 0, 0, 0, 0, 0,
0, 0, 0, 7, 8, 9, 0, 0, 0, 0, 0, 0, 0, 0, 0, 0, 
0, 0, 0, 0, 0, 0,
0, 0, 0, 0, 0, 0, 0, 0, 0, 0, 0, 0, 0, 0, 0, 0, 
0, 0, 0, 0, 0, 0,
0, 0, 0, 0, 0, 0, 0, 0, 0, 0, 0, 0, 0, 0, 0, 0, 
0, 0, 0, 0, 0, 0,
0, 0, 0, 0, 0, 0, 0, 0, 0, 0, 0, 0, 0, 0, 0, 0, 
0, 0, 0, 0, 0, 0,
0, 0, 0, 0, 0, 0, 0, 0, 0, 0, 0, 0, 0, 0, 0, 0, 
0, 0, 0, 0, 0, 0,
0, 0, 0, 0, 0, 0, 0, 0, 0, 1, 2, 2, 2, 2, 2, 2, 
3, 0, 0, 0, 0, 0,
0, 0, 0, 0, 0, 0, 0, 0, 0, 7, 52, 96, 98, 98, 97, 55, 
9, 0, 0, 0, 0, 0,
0, 0, 0, 0, 0, 0, 0, 0, 0, 0, 7, 52, 5, 5, 55, 9, 
0, 0, 0, 0, 0, 0,
0, 0, 0, 0, 0, 0, 0, 0, 0, 0, 0, 7, 8, 8, 9, 0, 
0, 0, 0, 0, 0, 0,
0, 0, 0, 0, 0, 0, 0, 0, 0, 0, 0, 1, 2, 2, 3, 0, 
0, 0, 0, 0, 0, 0,
0, 0, 0, 0, 0, 0, 0, 0, 0, 0, 33, 4, 5, 5, 22, 24, 
24, 32, 0, 0, 0, 0,
0, 0, 0, 0, 0, 0, 0, 0, 0, 0, 63, 64, 65, 66, 67, 68, 
0, 0, 0, 0, 0, 0,
0, 0, 0, 0, 0, 0, 0, 0, 0, 0, 83, 84, 85, 86, 87, 88, 
0, 0, 0, 0, 0, 0,
0, 0, 0, 0, 0, 0, 0, 0, 0, 0, 103, 104, 105, 106, 107, 108, 
0, 0, 0, 0, 0, 0,
0, 0, 0, 0, 0, 0, 0, 0, 0, 0, 122, 123, 124, 125, 126, 127, 
0, 0, 0, 0, 0, 0,
43, 44, 44, 44, 45, 0, 0, 0, 0, 0, 139, 140, 141, 142, 143, 144, 
0, 0, 0, 0, 0, 0,
46, 47, 47, 47, 48, 73, 74, 0, 0, 0, 0, 146, 147, 148, 149, 0, 
0, 0, 0, 0, 0, 0,
46, 50, 50, 50, 48, 93, 94, 0, 0, 0, 0, 0, 0, 0, 0, 0, 
0, 0, 0, 0, 0, 0,
49, 25, 50, 25, 51, 0, 42, 0, 0, 0, 0, 0, 0, 0, 0, 0, 
0, 0, 0, 0, 0, 0,
0, 25, 0, 25, 0, 0, 0, 0, 0, 0, 0, 0, 0, 0, 0, 0, 
0, 0, 0, 0, 0, 0,
0, 25, 0, 25, 0, 0, 0, 0, 0, 0, 0, 40, 41, 0, 0, 0, 
0, 0, 0, 0, 0, 0,
0, 25, 0, 25, 0, 0, 0, 0, 0, 0, 0, 60, 61, 0, 0, 0, 
0, 0, 0, 0, 0, 0,
1, 20, 2, 20, 3, 0, 0, 0, 0, 0, 0, 80, 81, 0, 0, 0, 
0, 0, 0, 0, 0, 0,
53, 55, 8, 52, 54, 3, 0, 0, 0, 0, 0, 0, 0, 0, 0, 0, 
0, 0, 0, 0, 0, 0,
95, 6, 99, 4, 95, 6, 0, 0, 0, 0, 0, 0, 0, 0, 0, 0, 
29, 28, 28, 28, 29, 28,
52, 54, 2, 53, 55, 9, 0, 0, 0, 0, 0, 0, 0, 0, 0, 0, 
27, 0, 0, 0, 27, 0,
7, 8, 8, 8, 9, 0, 0, 0, 0, 0, 0, 0, 0, 0, 0, 30, 
27, 0, 30, 0, 27, 30,
0, 0, 0, 0, 0, 0, 0, 0, 0, 0, 0, 0, 0, 0, 1, 2, 
2, 2, 2, 2, 2, 2,
0, 0, 0, 0, 0, 0, 0, 1, 2, 2, 3, 0, 0, 1, 53, 11, 
11, 11, 11, 11, 11, 15,
0, 0, 0, 0, 0, 0, 0, 4, 16, 15, 6, 28, 28, 4, 5, 96, 
98, 98, 98, 98, 97, 12,
0, 0, 0, 0, 0, 0, 0, 4, 14, 13, 6, 28, 28, 4, 5, 96, 
98, 98, 97, 5, 99, 12,
0, 0, 0, 0, 0, 0, 0, 7, 8, 8, 9, 0, 0, 7, 52, 11, 
11, 11, 11, 11, 11, 17,
0, 0, 0, 0, 0, 0, 0, 0, 0, 0, 0, 0, 0, 0, 7, 8, 
8, 8, 52, 5, 10, 12,
0, 0, 0, 0, 0, 0, 0, 0, 0, 0, 0, 0, 0, 0, 0, 0, 
0, 0, 7, 52, 11, 13,
0, 0, 0, 0, 0, 0, 0, 0, 0, 0, 0, 0, 0, 0, 0, 0, 
0, 0, 0, 7, 52, 10,
0, 0, 0, 0, 0, 0, 0, 0, 0, 0, 0, 0, 0, 0, 0, 0, 
0, 0, 0, 0, 7, 52,
0, 0, 0, 0, 0, 0, 0, 0, 0, 0, 0, 0, 0, 0, 0, 0, 
0, 0, 0, 0, 0, 7,
0, 0, 0, 0, 62, 62, 0, 0, 0, 0, 36, 37, 38, 39, 62, 62, 
0, 0, 0, 0, 0, 0,
0, 0, 0, 0, 82, 82, 0, 0, 0, 0, 56, 57, 58, 59, 82, 82, 
0, 0, 0, 0, 0, 0,
0, 0, 0, 0, 27, 27, 0, 0, 0, 0, 76, 77, 78, 79, 27, 27, 
0, 0, 0, 0, 0, 0,
0, 0, 0, 0, 27, 27, 0, 0, 0, 0, 0, 0, 0, 0, 27, 27, 
0, 0, 0, 0, 0, 0,
0, 0, 0, 1, 27, 27, 3, 0, 0, 0, 0, 0, 0, 1, 27, 27, 
3, 0, 0, 0, 0, 0,
0, 0, 0, 4, 5, 5, 6, 0, 0, 0, 0, 0, 0, 4, 5, 5, 
6, 0, 0, 0, 0, 0,
0, 0, 0, 4, 5, 5, 6, 0, 0, 0, 0, 0, 0, 4, 5, 5, 
6, 0, 0, 0, 0, 0,
0, 0, 0, 7, 52, 5, 6, 0, 0, 0, 0, 0, 0, 4, 5, 55, 
9, 0, 0, 0, 0, 0,
0, 0, 0, 0, 7, 52, 6, 0, 0, 0, 0, 0, 0, 4, 55, 9, 
0, 0, 0, 0, 0, 0,
0, 0, 0, 0, 33, 4, 6, 0, 0, 0, 0, 0, 35, 4, 6, 32, 
0, 0, 0, 0, 0, 0,
24, 24, 24, 24, 24, 21, 6, 0, 0, 0, 0, 0, 35, 4, 6, 34, 
0, 0, 0, 0, 0, 0,
31, 31, 31, 109, 114, 4, 6, 0, 0, 0, 0, 0, 35, 4, 6, 0, 
0, 0, 0, 0, 0, 0,
0, 0, 0, 129, 134, 4, 6, 0, 0, 0, 0, 0, 0, 4, 6, 0, 
0, 0, 0, 0, 0, 0,
0, 0, 0, 0, 0, 4, 6, 0, 0, 0, 0, 0, 0, 4, 6, 0, 
0, 0, 0, 0, 0, 0,
0, 0, 0, 0, 0, 4, 6, 0, 0, 0, 0, 0, 0, 4, 6, 0, 
0, 0, 0, 0, 0, 0,
0, 0, 0, 0, 0, 4, 6, 0, 0, 0, 0, 0, 0, 4, 6, 0, 
0, 0, 0, 0, 0, 0,
0, 0, 0, 0, 0, 4, 6, 0, 0, 0, 0, 0, 0, 4, 6, 0, 
0, 0, 0, 0, 0, 0,
0, 0, 0, 0, 0, 7, 9, 0, 0, 0, 0, 0, 0, 7, 9, 0, 
0, 0, 0, 0, 0, 43,
0, 0, 0, 0, 0, 0, 0, 0, 0, 0, 0, 0, 0, 0, 0, 0, 
0, 0, 0, 0, 43, 5,
2, 3, 0, 0, 0, 0, 0, 0, 0, 0, 0, 0, 0, 0, 0, 0, 
0, 0, 0, 43, 96, 98,
5, 6, 0, 0, 0, 0, 0, 0, 0, 0, 0, 0, 0, 0, 0, 0, 
0, 0, 43, 99, 95, 5,
5, 6, 0, 0, 0, 0, 0, 0, 0, 0, 0, 0, 0, 0, 0, 0, 
0, 0, 49, 99, 95, 5,
55, 9, 0, 0, 0, 0, 0, 0, 0, 0, 43, 44, 44, 45, 0, 0, 
0, 0, 0, 49, 96, 98,
6, 73, 74, 0, 0, 0, 0, 0, 0, 0, 46, 16, 15, 48, 0, 0, 
0, 0, 0, 0, 49, 5,
6, 93, 75, 0, 0, 0, 0, 0, 0, 0, 49, 12, 12, 51, 0, 0, 
0, 0, 0, 0, 0, 49,
6, 73, 74, 0, 0, 0, 0, 0, 0, 0, 1, 2, 2, 3, 0, 0, 
0, 0, 0, 0, 0, 0,
6, 93, 94, 0, 0, 0, 0, 0, 0, 1, 70, 2, 2, 71, 3, 0, 
0, 0, 0, 0, 0, 0,
54, 3, 0, 0, 0, 0, 0, 0, 33, 4, 4, 18, 19, 6, 6, 42, 
0, 0, 0, 0, 0, 43,
5, 54, 3, 0, 0, 0, 0, 0, 35, 4, 4, 99, 99, 6, 6, 34, 
0, 0, 0, 0, 0, 46,
5, 95, 54, 3, 0, 0, 0, 0, 35, 4, 91, 8, 8, 92, 6, 34, 
0, 0, 0, 0, 0, 46,
96, 98, 97, 6, 0, 0, 0, 0, 33, 4, 96, 98, 98, 97, 6, 32, 
0, 0, 0, 0, 0, 46,
8, 23, 23, 9, 0, 0, 0, 0, 0, 63, 64, 65, 66, 67, 68, 0, 
0, 0, 0, 0, 0, 46,
0, 25, 25, 0, 0, 0, 0, 0, 0, 83, 84, 85, 86, 87, 88, 0, 
0, 0, 0, 0, 0, 46,
0, 25, 25, 0, 0, 0, 0, 0, 0, 103, 104, 105, 106, 107, 108, 0, 
0, 0, 0, 0, 0, 46,
24, 26, 26, 0, 0, 0, 0, 0, 0, 122, 123, 124, 125, 126, 127, 0, 
0, 0, 0, 0, 0, 49,
0, 0, 0, 0, 0, 0, 0, 0, 0, 139, 140, 141, 142, 143, 144, 0, 
0, 0, 0, 0, 0, 0,
0, 0, 0, 0, 0, 0, 0, 0, 0, 0, 146, 147, 148, 149, 0, 0, 
0, 0, 0, 0, 0, 0,
0, 0, 0, 0, 0, 0, 0, 0, 0, 0, 0, 0, 0, 0, 0, 0, 
0, 0, 33, 62, 62, 62,
0, 0, 0, 0, 0, 0, 0, 0, 0, 0, 0, 1, 2, 3, 0, 0, 
0, 0, 33, 82, 82, 82,
0, 0, 0, 0, 0, 0, 0, 1, 3, 0, 0, 7, 8, 9, 0, 0, 
0, 0, 0, 0, 40, 41,
0, 0, 0, 0, 0, 0, 1, 53, 54, 3, 0, 0, 27, 0, 0, 0, 
0, 0, 0, 0, 60, 61,
0, 0, 0, 0, 0, 1, 53, 55, 52, 6, 28, 28, 29, 0, 0, 0, 
0, 0, 0, 0, 80, 81,
0, 0, 0, 0, 0, 7, 52, 54, 53, 6, 28, 28, 29, 0, 0, 0, 
0, 0, 0, 0, 0, 0,
0, 0, 0, 0, 0, 0, 7, 52, 55, 9, 0, 0, 0, 0, 0, 0, 
0, 0, 0, 0, 0, 0,
0, 0, 0, 0, 0, 0, 0, 7, 9, 0, 0, 0, 0, 0, 0, 0, 
0, 0, 0, 0, 30, 0,
0, 0, 0, 0, 0, 0, 0, 0, 0, 0, 0, 0, 0, 0, 0, 0, 
0, 0, 0, 1, 2, 2,
0, 0, 0, 0, 0, 0, 0, 0, 0, 0, 0, 0, 0, 0, 0, 36, 
37, 38, 39, 4, 16, 11,
44, 44, 45, 0, 0, 0, 0, 0, 0, 0, 0, 0, 0, 0, 0, 56, 
57, 58, 59, 4, 12, 10,
47, 47, 48, 0, 0, 0, 0, 0, 0, 0, 0, 0, 0, 0, 0, 76, 
77, 78, 79, 4, 12, 10,
47, 47, 51, 0, 0, 0, 0, 0, 0, 0, 0, 0, 0, 0, 0, 0, 
0, 0, 0, 4, 14, 11,
47, 48, 0, 0, 0, 0, 0, 0, 0, 0, 0, 0, 0, 0, 0, 0, 
0, 0, 0, 7, 8, 8,
47, 48, 0, 0, 0, 0, 0, 0, 0, 0, 0, 0, 0, 0, 0, 0, 
0, 0, 0, 0, 0, 0,
47, 48, 0, 0, 0, 0, 0, 0, 1, 2, 2, 2, 2, 3, 0, 0, 
0, 0, 0, 0, 0, 0,
47, 48, 0, 0, 0, 0, 0, 0, 4, 29, 28, 28, 29, 6, 0, 0, 
0, 0, 0, 0, 0, 0,
47, 48, 0, 0, 0, 0, 0, 0, 4, 27, 42, 42, 27, 6, 0, 0, 
0, 0, 0, 0, 0, 0,
47, 48, 0, 0, 0, 0, 0, 0, 4, 27, 42, 42, 27, 6, 0, 0, 
0, 0, 0, 0, 0, 0,
47, 48, 0, 0, 0, 0, 0, 0, 4, 29, 28, 28, 29, 6, 0, 0, 
0, 0, 0, 0, 0, 0,
47, 48, 0, 0, 0, 0, 0, 0, 7, 8, 8, 8, 8, 9, 0, 0, 
0, 0, 0, 0, 0, 0,
50, 51, 0, 0, 0, 0, 0, 0, 0, 0, 0, 0, 0, 0, 0, 0, 
0, 0, 0, 0, 0, 0,
0, 0, 0, 0, 0, 0, 0, 0, 0, 0, 0, 0, 0, 0, 0, 0, 
0, 0, 0, 0, 0, 0,
0, 0, 0, 0, 0, 0, 0, 0, 0, 0, 0, 0, 0, 0, 0, 0, 
0, 0, 0, 0, 0, 0,
0, 0, 0, 0, 0, 0, 0, 0, 0, 0, 0, 0, 0, 0, 0, 0, 
0, 0, 0, 30, 30, 30,
1, 2, 3, 0, 0, 0, 0, 0, 0, 0, 0, 0, 0, 0, 0, 0, 
0, 0, 1, 2, 2, 2,
4, 18, 6, 28, 28, 32, 0, 0, 0, 0, 0, 0, 0, 0, 0, 0, 
0, 0, 4, 11, 17, 11,
7, 23, 9, 0, 0, 0, 0, 0, 0, 0, 0, 0, 0, 0, 0, 0, 
0, 33, 4, 10, 12, 10,
24, 26, 0, 0, 0, 0, 0, 0, 0, 0, 0, 0, 0, 0, 0, 0, 
0, 33, 4, 11, 17, 11,
0, 25, 0, 0, 0, 0, 0, 0, 0, 0, 0, 0, 0, 0, 0, 0, 
0, 33, 4, 10, 12, 10,
1, 20, 3, 0, 0, 0, 0, 0, 0, 0, 0, 0, 0, 0, 0, 0, 
1, 2, 16, 11, 17, 11,
53, 95, 6, 0, 0, 0, 0, 0, 0, 0, 0, 0, 0, 0, 0, 0, 
4, 10, 12, 10, 12, 10,
95, 55, 9, 0, 0, 0, 0, 0, 0, 0, 0, 0, 0, 0, 0, 0, 
7, 8, 8, 8, 8, 8,
55, 9, 0, 0, 0, 0, 0, 0, 0, 0, 0, 0, 0, 0, 0, 0, 
0, 0, 0, 0, 0, 0,
9, 0, 0, 0, 0, 0, 0, 0, 0, 0, 0, 0, 0, 0, 0, 0, 
0, 0, 0, 0, 0, 0,
0, 0, 0, 0, 0, 0, 0, 0, 0, 0, 0, 0, 0, 0, 0, 0, 
0, 0, 0, 0, 0, 0,
0, 0, 0, 0, 0, 0, 0, 0, 0, 0, 0, 0, 0, 0, 0, 0, 
0, 0, 0, 0, 0, 0,
0, 0, 0, 0, 0, 0, 0, 0, 0, 0, 0, 0, 0, 0, 0, 0, 
0, 0, 0, 0, 0, 0,
0, 0, 0, 0, 0, 0, 0, 0, 0, 0, 0, 0, 0, 0, 0, 0, 
0, 0, 0, 0, 0, 0,
0, 0, 0, 0, 0, 0, 0, 0, 0, 0, 0, 0, 0, 0, 0, 0, 
0, 0, 0, 0, 0, 0,
0, 0, 0, 0, 0, 0, 0, 0, 0, 0, 0, 0, 0, 0, 0, 0, 
0, 0, 0, 0, 0, 0,
0, 0, 0, 0, 0, 0, 0, 0, 0, 0, 0, 0, 0, 0, 0, 0, 
0, 0, 0, 0, 0, 0,
0, 0, 0, 0, 0, 0, 0, 0, 0, 0, 0, 0, 0, 0, 0, 0, 
0, 0, 0, 0, 0, 0,
0, 0, 0, 0, 0, 0, 0, 0, 0, 0, 0, 0, 0, 0, 0, 0, 
0, 0, 0, 0, 0, 0,
0, 0, 0, 0, 0, 0, 0, 0, 0, 0, 0, 0, 0, 0, 0, 0, 
0, 0, 0, 0, 0, 0,
0, 0, 0, 0, 0, 0, 0, 0, 0, 0, 0, 0, 0, 0, 0, 0, 
0, 0, 0, 0, 0, 0,
0, 0, 0, 0, 0, 0, 0, 0, 0, 0, 0, 0, 0, 0, 0, 0, 
0, 0, 0, 0, 0, 0,
0, 0, 0, 0, 0, 0, 0, 0, 0, 0, 0, 0, 0, 0, 0, 0, 
0, 0, 0, 0, 0, 0,
0, 0, 0, 0, 0, 0, 0, 0, 0, 0, 0, 0, 0, 0, 0, 0, 
0, 0, 0, 0, 0, 0
};

