const unsigned char projabg_map[5500] = {
134, 114, 114, 114, 114, 114, 114, 114, 114, 114, 114, 114, 114, 114, 114, 114, 
114, 114, 114, 114, 114, 114,
114, 114, 114, 114, 114, 114, 114, 114, 114, 114, 114, 114, 135, 114, 114, 114, 
114, 136, 114, 114, 114, 114,
114, 114, 114, 114, 135, 114, 114, 114, 114, 114, 114, 114, 114, 114, 137, 114, 
114, 114, 114, 114, 114, 114,
114, 114, 114, 114, 114, 114, 114, 114, 134, 114, 114, 114, 114, 114, 114, 114, 
114, 114, 114, 114, 136, 114,
114, 137, 114, 136, 114, 114, 114, 114, 114, 114, 114, 136, 114, 114, 114, 114, 
114, 114, 114, 114, 114, 114,
114, 114, 114, 114, 114, 114, 114, 114, 114, 114, 114, 114, 114, 114, 114, 114, 
134, 114, 114, 135, 114, 114,
114, 114, 114, 114, 114, 134, 114, 114, 114, 135, 114, 114, 137, 114, 114, 114, 
114, 114, 135, 114, 114, 136,
114, 114, 114, 114, 114, 114, 114, 114, 137, 114, 114, 114, 114, 114, 114, 134, 
114, 135, 114, 114, 114, 114,
135, 114, 114, 114, 136, 114, 114, 114, 114, 114, 114, 114, 114, 114, 114, 114, 
114, 114, 114, 136, 114, 114,
114, 114, 135, 114, 114, 114, 114, 114, 114, 114, 114, 114, 114, 114, 136, 114, 
114, 114, 114, 114, 114, 114,
114, 135, 114, 114, 135, 114, 114, 114, 134, 114, 114, 114, 114, 114, 114, 114, 
114, 137, 114, 114, 114, 114,
114, 114, 114, 135, 114, 114, 114, 135, 114, 114, 114, 114, 114, 134, 114, 114, 
114, 114, 114, 114, 114, 114,
114, 114, 114, 114, 135, 114, 114, 135, 114, 114, 137, 114, 114, 114, 114, 114, 
114, 114, 114, 114, 114, 114,
114, 114, 136, 114, 114, 135, 114, 135, 114, 114, 135, 114, 114, 114, 114, 114, 
114, 136, 114, 114, 114, 114,
114, 114, 114, 114, 114, 114, 114, 135, 114, 114, 114, 114, 114, 134, 114, 114, 
114, 114, 114, 114, 114, 137,
114, 114, 114, 114, 114, 114, 114, 114, 114, 135, 114, 114, 135, 114, 114, 114, 
137, 114, 114, 114, 114, 114,
114, 114, 136, 114, 114, 114, 114, 114, 135, 114, 135, 114, 114, 114, 114, 114, 
114, 114, 114, 114, 114, 114,
114, 114, 114, 114, 114, 114, 134, 114, 114, 114, 114, 135, 114, 135, 114, 114, 
114, 114, 114, 114, 114, 114,
114, 114, 114, 114, 114, 114, 114, 114, 114, 114, 114, 114, 135, 114, 114, 114, 
114, 114, 114, 114, 134, 134,
114, 114, 114, 114, 114, 114, 114, 114, 114, 134, 114, 135, 114, 114, 135, 114, 
114, 137, 114, 114, 114, 114,
114, 114, 137, 114, 114, 114, 114, 114, 114, 114, 114, 114, 114, 135, 114, 114, 
114, 114, 114, 114, 114, 114,
114, 114, 114, 114, 114, 114, 114, 114, 114, 114, 114, 114, 114, 114, 135, 114, 
114, 114, 114, 114, 114, 134,
114, 114, 114, 114, 114, 114, 137, 114, 114, 114, 136, 114, 114, 114, 114, 114, 
114, 114, 114, 114, 114, 114,
114, 114, 114, 114, 114, 135, 114, 114, 114, 114, 114, 114, 114, 114, 114, 134, 
114, 114, 114, 114, 114, 135,
137, 114, 114, 114, 114, 114, 114, 114, 114, 114, 114, 114, 114, 114, 114, 114, 
114, 114, 114, 114, 114, 137,
114, 114, 114, 114, 114, 114, 114, 114, 114, 135, 114, 114, 136, 114, 114, 114, 
114, 135, 135, 114, 114, 136,
114, 114, 114, 114, 114, 114, 114, 134, 114, 114, 114, 114, 114, 114, 114, 114, 
114, 114, 114, 114, 114, 114,
114, 114, 114, 114, 137, 114, 114, 114, 114, 114, 114, 114, 135, 114, 137, 114, 
114, 114, 136, 114, 114, 114,
114, 114, 134, 114, 114, 114, 136, 114, 114, 114, 114, 114, 114, 114, 114, 114, 
114, 114, 114, 114, 134, 114,
114, 114, 114, 114, 114, 114, 114, 114, 114, 114, 114, 114, 114, 114, 114, 114, 
135, 114, 114, 114, 114, 114,
135, 114, 114, 135, 114, 114, 114, 114, 135, 114, 114, 114, 134, 114, 114, 114, 
114, 114, 114, 114, 114, 136,
114, 137, 114, 114, 114, 114, 114, 114, 114, 114, 114, 114, 114, 114, 114, 114, 
114, 114, 114, 114, 114, 114,
114, 114, 114, 114, 114, 114, 114, 134, 114, 114, 114, 114, 114, 114, 136, 114, 
114, 114, 114, 135, 114, 114,
136, 114, 114, 114, 114, 135, 136, 114, 114, 114, 114, 135, 114, 114, 114, 114, 
114, 114, 114, 114, 114, 135,
114, 114, 114, 114, 114, 114, 114, 114, 114, 114, 114, 114, 114, 114, 114, 114, 
114, 134, 114, 136, 114, 114,
114, 114, 134, 114, 114, 135, 114, 114, 114, 114, 114, 114, 134, 114, 114, 135, 
136, 114, 114, 114, 114, 114,
114, 114, 114, 114, 114, 137, 114, 114, 114, 134, 114, 114, 114, 114, 114, 137, 
137, 136, 114, 114, 114, 114,
114, 135, 114, 114, 114, 114, 114, 114, 114, 114, 114, 114, 135, 114, 114, 134, 
137, 136, 114, 114, 114, 134,
114, 114, 114, 114, 114, 114, 136, 114, 114, 114, 114, 114, 114, 114, 114, 114, 
114, 114, 114, 137, 114, 114,
114, 114, 114, 114, 135, 114, 114, 114, 114, 114, 114, 114, 114, 114, 114, 114, 
114, 134, 114, 114, 114, 136,
114, 114, 114, 114, 114, 135, 114, 114, 114, 114, 134, 114, 114, 114, 135, 136, 
114, 134, 114, 114, 114, 114,
134, 136, 114, 114, 114, 114, 114, 114, 114, 114, 136, 114, 114, 114, 114, 114, 
137, 114, 114, 114, 114, 114,
137, 114, 114, 114, 114, 114, 136, 137, 135, 114, 114, 114, 114, 114, 114, 114, 
114, 114, 114, 114, 114, 137,
114, 114, 114, 114, 114, 114, 114, 114, 115, 114, 135, 114, 137, 114, 114, 134, 
114, 114, 114, 114, 114, 114,
114, 114, 114, 135, 114, 114, 114, 114, 4, 115, 115, 114, 114, 114, 114, 114, 
114, 135, 114, 136, 114, 114,
114, 137, 114, 114, 114, 114, 114, 115, 4, 4, 4, 114, 114, 114, 114, 135, 
114, 136, 114, 114, 114, 115,
115, 114, 134, 114, 114, 114, 115, 4, 4, 4, 4, 115, 114, 114, 114, 114, 
137, 114, 114, 115, 115, 4,
4, 115, 115, 115, 115, 115, 4, 4, 4, 4, 4, 4, 114, 114, 115, 114, 
115, 115, 115, 4, 4, 4,
4, 4, 4, 4, 4, 4, 4, 4, 4, 4, 4, 4, 115, 115, 4, 114, 
4, 4, 4, 4, 4, 4,
4, 4, 4, 4, 4, 4, 4, 4, 4, 4, 4, 4, 4, 4, 4, 115, 
4, 4, 4, 4, 4, 4,
4, 4, 4, 4, 4, 4, 4, 4, 4, 4, 4, 4, 4, 4, 4, 4, 
4, 4, 4, 4, 4, 4,
4, 4, 4, 4, 4, 4, 4, 4, 4, 4, 4, 4, 4, 4, 4, 4, 
4, 4, 4, 4, 4, 4,
4, 4, 4, 4, 4, 4, 4, 4, 4, 4, 4, 4, 4, 4, 4, 4, 
4, 4, 4, 4, 4, 4,
4, 4, 4, 4, 4, 4, 4, 4, 4, 4, 4, 4, 4, 4, 4, 4, 
4, 4, 4, 4, 4, 4,
4, 41, 42, 42, 42, 43, 44, 4, 41, 42, 42, 43, 44, 4, 4, 4, 
10, 13, 13, 13, 13, 13,
4, 61, 62, 62, 62, 63, 1, 4, 61, 62, 62, 63, 1, 4, 4, 4, 
14, 4, 4, 4, 4, 4,
4, 45, 1, 1, 1, 1, 1, 4, 45, 1, 1, 1, 1, 4, 4, 4, 
14, 4, 10, 13, 13, 13,
4, 4, 41, 42, 42, 43, 44, 4, 4, 41, 42, 42, 42, 42, 43, 44, 
14, 4, 10, 13, 13, 13,
4, 4, 61, 62, 62, 63, 1, 4, 4, 61, 62, 62, 62, 62, 63, 1, 
14, 4, 4, 4, 4, 4,
4, 4, 45, 1, 1, 1, 1, 4, 4, 45, 1, 61, 63, 1, 1, 1, 
10, 13, 13, 13, 13, 13,
4, 4, 4, 4, 4, 4, 4, 4, 4, 4, 4, 45, 1, 1, 4, 4, 
4, 4, 4, 4, 4, 4,
4, 4, 4, 4, 4, 4, 4, 4, 4, 4, 4, 4, 4, 4, 4, 4, 
4, 4, 4, 4, 4, 4,
4, 4, 4, 4, 4, 4, 4, 4, 4, 4, 4, 4, 4, 4, 4, 4, 
4, 4, 4, 4, 4, 4,
4, 4, 4, 4, 4, 4, 4, 4, 4, 4, 4, 4, 4, 4, 4, 4, 
4, 4, 4, 4, 4, 4,
98, 99, 100, 98, 99, 100, 98, 99, 100, 98, 99, 100, 4, 4, 4, 4, 
4, 4, 4, 4, 59, 60,
118, 119, 120, 118, 119, 120, 118, 119, 120, 118, 119, 120, 81, 82, 81, 82, 
81, 82, 59, 60, 79, 80,
138, 139, 140, 138, 139, 140, 138, 139, 140, 138, 139, 140, 101, 102, 101, 102, 
101, 102, 79, 80, 20, 20,
20, 20, 20, 20, 20, 20, 20, 20, 20, 20, 20, 20, 20, 20, 20, 20, 
20, 20, 20, 20, 20, 20,
20, 20, 20, 20, 20, 20, 20, 20, 20, 20, 20, 20, 20, 20, 20, 20, 
20, 20, 20, 20, 20, 20,
20, 20, 20, 20, 20, 20, 20, 20, 20, 20, 20, 20, 20, 20, 20, 20, 
20, 20, 20, 20, 20, 20,
20, 20, 20, 20, 20, 20, 20, 20, 20, 20, 20, 20, 20, 20, 20, 20, 
20, 20, 20, 20, 20, 20,
66, 66, 66, 66, 4, 4, 4, 4, 4, 4, 4, 4, 4, 4, 4, 4, 
4, 4, 66, 66, 66, 66,
1, 1, 1, 1, 67, 4, 4, 131, 106, 107, 103, 103, 106, 107, 130, 46, 
4, 65, 1, 1, 1, 1,
19, 1, 19, 1, 67, 4, 4, 128, 126, 127, 103, 103, 126, 127, 129, 4, 
4, 65, 1, 19, 1, 19,
17, 17, 17, 17, 17, 26, 26, 26, 26, 26, 40, 39, 26, 26, 26, 26, 
26, 17, 17, 17, 17, 17,
18, 1, 18, 1, 67, 4, 4, 4, 4, 4, 11, 12, 4, 4, 4, 4, 
4, 65, 1, 18, 1, 18,
1, 1, 1, 1, 67, 4, 46, 4, 4, 4, 31, 32, 4, 4, 4, 4, 
4, 65, 1, 1, 1, 1,
7, 8, 9, 7, 8, 9, 7, 8, 9, 4, 5, 5, 4, 7, 8, 9, 
7, 8, 9, 7, 8, 9,
27, 28, 29, 27, 28, 29, 27, 28, 29, 4, 5, 5, 4, 27, 28, 29, 
27, 28, 29, 27, 28, 29,
47, 48, 49, 47, 48, 49, 47, 48, 49, 4, 5, 5, 4, 47, 48, 49, 
47, 48, 49, 47, 48, 49,
4, 4, 4, 4, 4, 4, 4, 4, 49, 4, 5, 5, 4, 4, 4, 4, 
4, 4, 4, 4, 4, 4,
4, 4, 4, 4, 4, 4, 4, 4, 4, 4, 5, 5, 4, 4, 4, 4, 
4, 4, 4, 4, 4, 4,
4, 4, 4, 4, 86, 86, 86, 86, 86, 105, 86, 86, 86, 86, 86, 86, 
86, 86, 4, 4, 4, 4,
4, 4, 4, 4, 83, 83, 109, 83, 105, 103, 105, 83, 83, 83, 106, 107, 
83, 83, 4, 4, 4, 4,
4, 4, 4, 131, 83, 109, 110, 110, 110, 110, 111, 83, 83, 83, 126, 127, 
83, 129, 4, 4, 4, 4,
4, 4, 131, 83, 83, 83, 109, 110, 110, 111, 83, 83, 83, 129, 4, 4, 
4, 4, 46, 4, 4, 4,
125, 131, 83, 83, 83, 109, 110, 110, 110, 110, 111, 83, 83, 130, 125, 125, 
4, 4, 4, 4, 4, 4,
131, 83, 104, 83, 83, 83, 83, 129, 128, 83, 83, 83, 103, 83, 83, 83, 
83, 130, 4, 4, 4, 46,
106, 107, 83, 83, 83, 83, 129, 2, 3, 128, 83, 83, 83, 83, 106, 107, 
105, 83, 4, 4, 34, 35,
126, 127, 83, 103, 103, 83, 130, 22, 23, 131, 103, 83, 83, 83, 126, 127, 
83, 129, 15, 15, 54, 55,
105, 83, 83, 103, 105, 105, 83, 130, 131, 83, 105, 83, 105, 83, 83, 83, 
129, 4, 15, 73, 74, 75,
4, 4, 128, 105, 103, 105, 104, 83, 83, 83, 83, 83, 104, 129, 4, 4, 
4, 4, 15, 93, 94, 15,
4, 4, 4, 128, 83, 83, 83, 83, 105, 83, 83, 83, 129, 4, 4, 7, 
8, 9, 15, 15, 15, 15,
26, 26, 40, 4, 4, 4, 128, 83, 83, 129, 4, 4, 4, 4, 4, 27, 
28, 29, 15, 15, 15, 15,
4, 4, 38, 40, 4, 4, 4, 128, 129, 4, 4, 4, 2, 3, 4, 47, 
48, 49, 15, 15, 15, 15,
4, 4, 4, 38, 26, 26, 26, 26, 40, 4, 4, 4, 22, 23, 4, 4, 
4, 4, 15, 15, 15, 15,
4, 4, 4, 4, 4, 20, 20, 4, 5, 4, 4, 4, 4, 4, 4, 4, 
4, 4, 4, 131, 83, 83,
86, 86, 86, 86, 86, 86, 86, 4, 81, 82, 4, 4, 4, 4, 131, 83, 
83, 83, 83, 83, 109, 110,
107, 83, 83, 83, 83, 106, 107, 4, 101, 102, 4, 6, 46, 131, 83, 83, 
129, 128, 83, 103, 83, 83,
127, 83, 11, 12, 83, 126, 127, 4, 2, 3, 21, 4, 4, 83, 88, 89, 
130, 131, 87, 83, 83, 83,
112, 113, 31, 32, 112, 113, 83, 6, 22, 23, 4, 4, 4, 103, 108, 83, 
83, 83, 87, 83, 129, 4,
132, 133, 64, 64, 132, 133, 83, 4, 4, 4, 4, 4, 4, 128, 88, 89, 
103, 83, 87, 129, 4, 4,
83, 83, 56, 57, 83, 83, 83, 4, 4, 4, 6, 46, 4, 4, 128, 129, 
21, 128, 129, 4, 4, 4,
83, 129, 56, 57, 128, 83, 129, 4, 4, 4, 4, 4, 10, 4, 4, 4, 
4, 4, 4, 4, 4, 4,
51, 52, 56, 57, 50, 51, 52, 4, 66, 66, 66, 66, 14, 66, 66, 66, 
66, 4, 4, 4, 4, 4,
71, 72, 56, 57, 70, 71, 72, 65, 1, 1, 1, 1, 14, 1, 1, 1, 
1, 67, 4, 4, 4, 4,
91, 92, 56, 57, 90, 91, 92, 65, 1, 1, 1, 11, 17, 12, 1, 1, 
1, 67, 4, 4, 4, 4,
51, 52, 56, 57, 50, 51, 52, 65, 1, 1, 69, 31, 17, 32, 69, 1, 
1, 67, 4, 4, 4, 4,
71, 72, 56, 57, 70, 71, 72, 65, 1, 1, 1, 1, 14, 1, 1, 1, 
1, 67, 4, 4, 4, 4,
91, 92, 56, 57, 90, 91, 92, 4, 68, 68, 68, 68, 14, 68, 68, 68, 
68, 4, 4, 4, 4, 4,
2, 3, 64, 64, 4, 4, 4, 4, 4, 4, 4, 4, 10, 4, 4, 4, 
4, 76, 77, 78, 4, 4,
22, 23, 4, 6, 4, 4, 4, 4, 4, 81, 82, 4, 81, 82, 4, 6, 
4, 96, 97, 4, 4, 4,
4, 4, 4, 4, 4, 4, 4, 4, 4, 101, 102, 4, 101, 102, 4, 4, 
96, 97, 4, 4, 4, 4,
4, 4, 4, 59, 60, 46, 4, 4, 21, 4, 4, 6, 4, 4, 4, 96, 
97, 4, 4, 7, 8, 9,
4, 4, 4, 118, 120, 4, 4, 4, 4, 41, 43, 44, 81, 82, 4, 116, 
117, 4, 6, 27, 28, 29,
4, 4, 4, 79, 80, 4, 6, 4, 4, 61, 63, 1, 101, 102, 4, 4, 
4, 4, 4, 47, 48, 49,
4, 4, 4, 4, 4, 4, 4, 4, 4, 45, 1, 1, 4, 4, 4, 4, 
46, 4, 4, 4, 4, 4,
4, 4, 4, 4, 4, 4, 4, 4, 4, 98, 100, 4, 4, 4, 4, 4, 
4, 4, 4, 4, 4, 4,
86, 86, 86, 86, 4, 4, 4, 4, 4, 139, 140, 4, 4, 4, 98, 99, 
58, 13, 13, 13, 13, 13,
103, 105, 83, 83, 4, 4, 4, 4, 4, 14, 6, 4, 4, 4, 118, 119, 
120, 4, 4, 4, 4, 6,
83, 83, 105, 103, 6, 4, 4, 4, 4, 14, 4, 6, 4, 4, 138, 139, 
58, 13, 13, 13, 13, 13,
83, 106, 107, 83, 4, 6, 4, 4, 4, 14, 4, 4, 4, 4, 4, 4, 
4, 4, 4, 4, 4, 4,
83, 126, 127, 83, 4, 4, 4, 4, 98, 99, 100, 4, 4, 4, 4, 4, 
4, 4, 98, 100, 4, 4,
83, 83, 83, 129, 4, 4, 4, 4, 118, 119, 120, 13, 13, 13, 13, 13, 
13, 13, 118, 140, 4, 4,
83, 83, 129, 4, 4, 6, 4, 4, 138, 139, 140, 4, 4, 4, 4, 46, 
4, 6, 4, 4, 4, 4,
83, 129, 4, 4, 4, 4, 4, 4, 49, 49, 4, 4, 4, 6, 4, 4, 
4, 4, 4, 4, 4, 4,
129, 4, 4, 46, 4, 4, 4, 4, 4, 4, 4, 4, 4, 41, 42, 42, 
42, 43, 44, 66, 66, 66,
4, 4, 4, 4, 4, 24, 25, 4, 4, 4, 6, 4, 4, 61, 62, 62, 
62, 63, 1, 1, 1, 1,
4, 4, 4, 4, 65, 1, 67, 4, 4, 4, 68, 4, 4, 45, 1, 1, 
1, 1, 1, 1, 69, 1,
4, 6, 4, 4, 65, 1, 67, 4, 4, 4, 6, 4, 4, 6, 4, 4, 
5, 4, 65, 1, 1, 1,
4, 4, 4, 65, 1, 1, 67, 4, 68, 4, 4, 4, 4, 4, 4, 4, 
5, 4, 65, 69, 1, 1,
13, 10, 4, 65, 19, 67, 4, 6, 10, 13, 13, 13, 13, 10, 4, 4, 
5, 4, 65, 19, 1, 19,
26, 26, 17, 17, 17, 17, 26, 26, 26, 26, 26, 26, 26, 26, 26, 26, 
30, 26, 17, 17, 17, 17,
13, 10, 65, 18, 18, 67, 4, 4, 10, 13, 13, 13, 13, 10, 4, 4, 
4, 6, 65, 18, 1, 18,
4, 4, 65, 1, 67, 4, 4, 4, 49, 4, 4, 4, 4, 4, 4, 4, 
4, 4, 52, 68, 68, 68,
4, 4, 4, 65, 67, 4, 4, 4, 6, 4, 4, 4, 4, 4, 4, 68, 
4, 4, 4, 4, 4, 4,
4, 4, 4, 24, 25, 4, 4, 4, 4, 4, 4, 6, 68, 4, 4, 4, 
4, 4, 4, 4, 4, 4,
4, 4, 4, 46, 4, 4, 4, 15, 16, 4, 4, 4, 4, 4, 4, 46, 
4, 4, 4, 4, 4, 4,
4, 7, 8, 9, 4, 4, 34, 35, 36, 4, 4, 4, 2, 3, 4, 4, 
4, 4, 4, 4, 4, 4,
46, 27, 28, 29, 4, 53, 54, 55, 4, 4, 4, 46, 22, 23, 4, 4, 
4, 4, 4, 4, 4, 4,
4, 47, 48, 49, 46, 73, 74, 75, 4, 4, 4, 4, 4, 4, 4, 4, 
4, 4, 4, 4, 4, 4,
4, 4, 4, 4, 4, 93, 94, 4, 4, 4, 4, 4, 4, 4, 4, 4, 
4, 4, 4, 4, 4, 4,
13, 13, 13, 13, 10, 13, 10, 13, 13, 13, 33, 4, 4, 4, 4, 4, 
4, 4, 4, 4, 4, 4,
4, 4, 4, 4, 14, 5, 14, 4, 4, 4, 4, 4, 4, 4, 4, 4, 
4, 4, 4, 4, 4, 4,
4, 2, 3, 4, 14, 5, 14, 4, 11, 12, 4, 4, 4, 4, 4, 4, 
4, 4, 4, 4, 4, 4,
4, 22, 23, 4, 14, 5, 14, 4, 31, 32, 40, 4, 4, 4, 4, 4, 
4, 4, 4, 20, 20, 20,
4, 76, 77, 4, 14, 5, 10, 33, 4, 5, 5, 4, 4, 4, 4, 4, 
4, 4, 20, 20, 20, 20,
4, 4, 4, 4, 14, 5, 7, 8, 9, 5, 5, 4, 4, 4, 4, 4, 
4, 4, 4, 20, 20, 20,
13, 13, 13, 13, 10, 5, 27, 28, 29, 5, 5, 4, 4, 4, 4, 4, 
4, 4, 4, 20, 20, 20,
26, 26, 26, 26, 26, 37, 47, 48, 49, 5, 5, 4, 39, 26, 26, 26, 
26, 26, 26, 26, 26, 26,
26, 26, 26, 26, 26, 30, 26, 26, 26, 30, 30, 26, 37, 4, 4, 4, 
4, 4, 20, 20, 20, 20,
26, 26, 26, 26, 26, 37, 4, 4, 4, 4, 4, 4, 4, 4, 4, 4, 
4, 4, 20, 20, 20, 20,
4, 4, 4, 4, 4, 4, 4, 4, 4, 4, 4, 2, 3, 4, 4, 4, 
4, 46, 20, 20, 20, 20,
4, 4, 2, 3, 4, 4, 4, 4, 4, 4, 4, 22, 23, 4, 4, 4, 
4, 4, 20, 20, 20, 20,
4, 4, 22, 23, 4, 4, 4, 4, 21, 4, 4, 4, 4, 4, 4, 4, 
131, 130, 20, 20, 20, 131,
4, 46, 4, 4, 4, 4, 4, 4, 4, 4, 4, 4, 4, 4, 4, 131, 
83, 83, 83, 83, 83, 83,
130, 4, 4, 4, 6, 4, 4, 4, 4, 10, 13, 13, 10, 4, 131, 83, 
83, 83, 83, 83, 83, 83,
83, 130, 4, 4, 4, 131, 83, 130, 4, 4, 4, 4, 4, 131, 83, 103, 
129, 4, 128, 83, 83, 83,
83, 83, 130, 4, 4, 83, 83, 83, 83, 130, 4, 6, 4, 128, 83, 129, 
4, 6, 4, 128, 83, 83,
83, 83, 83, 130, 4, 128, 83, 83, 83, 129, 4, 46, 4, 4, 4, 4, 
4, 4, 4, 4, 128, 83,
83, 83, 83, 83, 130, 4, 6, 4, 4, 4, 6, 4, 4, 4, 4, 4, 
4, 4, 4, 4, 4, 128,
83, 88, 89, 83, 83, 86, 86, 86, 86, 86, 86, 86, 86, 86, 86, 86, 
86, 86, 130, 4, 6, 4,
83, 88, 89, 83, 83, 83, 83, 83, 104, 83, 83, 83, 83, 83, 83, 83, 
83, 83, 83, 130, 4, 4,
83, 88, 89, 83, 83, 106, 107, 83, 83, 106, 107, 83, 83, 106, 107, 83, 
83, 83, 83, 83, 130, 4,
104, 83, 83, 83, 83, 126, 127, 83, 83, 126, 127, 83, 83, 126, 127, 83, 
105, 103, 105, 83, 83, 130,
83, 88, 89, 83, 83, 83, 83, 83, 83, 83, 83, 83, 83, 83, 83, 83, 
105, 103, 103, 83, 83, 83,
83, 88, 89, 83, 83, 83, 83, 83, 83, 108, 83, 83, 83, 83, 103, 83, 
83, 105, 103, 83, 103, 83,
83, 88, 89, 83, 83, 83, 104, 83, 83, 83, 83, 83, 83, 83, 83, 105, 
105, 83, 83, 105, 103, 105,
83, 83, 83, 109, 110, 110, 110, 110, 110, 110, 110, 110, 110, 110, 110, 110, 
110, 111, 83, 83, 83, 103,
83, 41, 42, 42, 42, 43, 85, 83, 41, 42, 42, 42, 43, 85, 83, 41, 
42, 42, 42, 43, 85, 83,
83, 61, 62, 62, 62, 63, 1, 83, 61, 62, 62, 62, 63, 1, 104, 61, 
62, 62, 62, 63, 1, 83,
83, 84, 1, 1, 1, 1, 1, 83, 84, 1, 1, 1, 1, 1, 83, 84, 
1, 1, 1, 1, 1, 83,
83, 83, 83, 83, 83, 83, 83, 83, 83, 83, 83, 83, 83, 83, 83, 83, 
83, 83, 83, 83, 83, 83,
64, 64, 64, 64, 64, 64, 64, 64, 64, 64, 64, 64, 64, 64, 64, 64, 
64, 64, 64, 64, 64, 64,
64, 64, 11, 12, 64, 64, 11, 12, 64, 64, 64, 64, 64, 64, 64, 64, 
64, 64, 64, 64, 64, 64,
64, 64, 31, 32, 64, 64, 31, 32, 64, 64, 64, 64, 64, 64, 64, 64, 
64, 64, 64, 64, 64, 64,
64, 64, 64, 64, 64, 64, 64, 64, 64, 17, 17, 17, 17, 64, 64, 64, 
64, 64, 64, 64, 64, 64,
83, 83, 83, 83, 83, 83, 83, 83, 83, 1, 1, 1, 1, 83, 83, 83, 
83, 83, 83, 83, 83, 83,
83, 83, 83, 83, 83, 83, 83, 83, 83, 5, 56, 57, 4, 83, 83, 83, 
83, 64, 87, 64, 83, 83,
83, 83, 103, 83, 83, 83, 83, 103, 83, 5, 56, 57, 4, 83, 83, 83, 
83, 87, 10, 87, 83, 83,
83, 103, 83, 83, 105, 83, 83, 83, 105, 5, 56, 57, 4, 83, 112, 113, 
83, 64, 10, 64, 83, 83,
83, 83, 105, 103, 83, 104, 83, 83, 83, 5, 56, 57, 4, 83, 132, 133, 
83, 87, 10, 87, 83, 83,
104, 83, 83, 83, 83, 83, 103, 83, 83, 5, 56, 57, 4, 83, 83, 83, 
83, 64, 87, 64, 83, 83,
83, 106, 107, 83, 83, 105, 83, 83, 83, 5, 56, 57, 4, 83, 83, 83, 
83, 83, 83, 83, 83, 83,
103, 126, 127, 83, 109, 110, 110, 111, 83, 5, 56, 57, 4, 104, 109, 110, 
110, 111, 83, 83, 83, 83,
95, 95, 95, 95, 95, 95, 95, 95, 95, 5, 56, 57, 4, 95, 95, 95, 
95, 95, 95, 95, 95, 95,
4, 4, 4, 4, 4, 4, 4, 4, 4, 5, 56, 57, 4, 4, 4, 4, 
4, 4, 4, 4, 4, 4,
26, 26, 26, 26, 26, 26, 26, 26, 26, 37, 56, 57, 4, 4, 4, 76, 
77, 78, 4, 20, 20, 20,
4, 46, 4, 4, 81, 82, 4, 4, 4, 4, 56, 57, 4, 4, 4, 96, 
97, 4, 20, 20, 20, 20,
4, 4, 4, 4, 101, 102, 4, 4, 4, 4, 56, 57, 4, 4, 4, 116, 
117, 20, 20, 20, 20, 20,
4, 4, 4, 4, 4, 4, 4, 4, 4, 4, 56, 57, 4, 4, 46, 4, 
20, 20, 20, 20, 20, 20,
4, 6, 4, 4, 41, 42, 42, 43, 44, 6, 56, 57, 4, 4, 4, 20, 
10, 13, 13, 10, 13, 13,
4, 4, 4, 4, 61, 62, 62, 63, 1, 4, 56, 57, 50, 51, 52, 20, 
14, 11, 12, 26, 26, 26,
4, 59, 60, 4, 45, 1, 1, 1, 1, 4, 56, 57, 70, 71, 72, 20, 
14, 31, 32, 26, 26, 26,
4, 79, 80, 4, 4, 4, 4, 4, 4, 4, 56, 57, 90, 91, 92, 20, 
10, 13, 13, 10, 13, 13,
4, 4, 6, 4, 4, 41, 42, 43, 44, 4, 56, 57, 46, 4, 4, 20, 
20, 20, 20, 20, 20, 20,
4, 4, 4, 4, 4, 61, 62, 63, 1, 4, 56, 57, 50, 51, 52, 4, 
20, 20, 20, 20, 20, 20,
4, 4, 46, 4, 4, 45, 1, 1, 1, 4, 56, 57, 70, 71, 72, 4, 
4, 20, 20, 20, 20, 20,
4, 4, 4, 4, 4, 2, 3, 4, 4, 4, 64, 64, 90, 91, 92, 4, 
76, 77, 4, 4, 4, 4,
40, 4, 4, 4, 4, 22, 23, 4, 6, 4, 4, 4, 4, 4, 4, 4, 
4, 6, 4, 21, 4, 6,
5, 4, 4, 4, 4, 4, 4, 4, 4, 4, 4, 4, 4, 4, 98, 100, 
4, 4, 4, 4, 4, 4,
5, 6, 4, 4, 76, 4, 4, 4, 4, 4, 4, 4, 4, 4, 138, 140, 
4, 4, 4, 4, 4, 4,
5, 4, 4, 4, 4, 4, 4, 7, 8, 9, 4, 4, 4, 4, 4, 4, 
4, 4, 6, 4, 4, 4,
5, 11, 12, 7, 8, 9, 4, 27, 28, 29, 4, 4, 4, 4, 4, 4, 
98, 99, 100, 4, 4, 4,
5, 31, 32, 27, 28, 29, 4, 47, 48, 49, 4, 77, 78, 4, 4, 4, 
118, 119, 120, 4, 6, 4,
5, 4, 4, 47, 48, 49, 4, 4, 4, 4, 96, 97, 4, 4, 4, 4, 
138, 139, 140, 4, 4, 4,
37, 4, 4, 4, 4, 4, 4, 4, 4, 4, 116, 117, 4, 4, 4, 4, 
4, 4, 6, 4, 4, 4,
4, 4, 4, 4, 4, 4, 6, 4, 4, 4, 4, 4, 10, 13, 13, 13, 
13, 13, 13, 13, 13, 13,
4, 4, 4, 4, 4, 4, 4, 4, 4, 4, 2, 3, 14, 20, 20, 20, 
20, 20, 20, 20, 20, 20,
4, 4, 4, 4, 4, 4, 4, 4, 4, 4, 22, 23, 14, 20, 20, 20, 
20, 20, 20, 20, 20, 20,
4, 4, 4, 4, 4, 39, 10, 40, 4, 4, 4, 4, 14, 20, 20, 20, 
20, 20, 20, 20, 20, 20,
13, 13, 13, 13, 13, 10, 21, 10, 13, 13, 13, 13, 10, 17, 17, 17, 
17, 17, 17, 17, 17, 17,
4, 2, 3, 4, 4, 38, 10, 37, 4, 4, 4, 4, 14, 20, 20, 20, 
20, 20, 20, 20, 20, 20,
4, 22, 23, 4, 4, 4, 4, 4, 4, 4, 4, 4, 14, 20, 20, 20, 
20, 20, 20, 20, 20, 20,
4, 4, 4, 4, 4, 4, 4, 4, 4, 4, 4, 4, 14, 20, 20, 20, 
20, 20, 20, 20, 20, 20,
26, 26, 26, 26, 26, 26, 40, 10, 10, 10, 13, 13, 10, 10, 10, 13, 
13, 13, 13, 13, 13, 13,
4, 4, 4, 4, 4, 4, 5, 10, 10, 10, 13, 13, 10, 10, 10, 4, 
4, 4, 4, 4, 15, 16,
4, 4, 4, 4, 4, 4, 38, 26, 26, 26, 26, 26, 26, 26, 40, 4, 
4, 4, 30, 34, 35, 36,
8, 9, 4, 4, 4, 4, 4, 4, 4, 4, 4, 4, 24, 25, 5, 4, 
39, 17, 17, 17, 17, 17,
28, 29, 4, 4, 4, 7, 8, 9, 4, 4, 65, 1, 1, 67, 5, 4, 
5, 4, 73, 74, 75, 4,
48, 49, 4, 4, 4, 27, 28, 29, 4, 65, 1, 1, 1, 67, 38, 26, 
30, 4, 93, 94, 4, 4,
4, 4, 4, 4, 4, 47, 48, 49, 4, 65, 1, 1, 1, 67, 4, 4, 
5, 4, 4, 4, 4, 4,
4, 10, 10, 4, 4, 4, 4, 4, 65, 1, 1, 1, 1, 67, 4, 4, 
5, 4, 4, 4, 4, 4,
26, 26, 26, 26, 30, 40, 4, 4, 65, 1, 1, 1, 1, 67, 4, 4, 
5, 4, 4, 4, 4, 20,
4, 10, 10, 4, 11, 12, 4, 4, 65, 19, 1, 1, 19, 67, 4, 4, 
5, 4, 7, 8, 9, 20,
4, 2, 3, 4, 31, 32, 26, 26, 17, 17, 17, 17, 17, 17, 26, 26, 
37, 4, 27, 28, 29, 20,
4, 22, 23, 4, 4, 4, 4, 4, 65, 18, 1, 1, 18, 67, 4, 4, 
4, 4, 47, 48, 49, 20,
4, 4, 4, 4, 4, 4, 7, 8, 9, 1, 1, 1, 1, 67, 10, 13, 
13, 10, 13, 13, 13, 13,
4, 4, 4, 7, 8, 9, 27, 28, 29, 1, 1, 69, 1, 67, 14, 11, 
12, 26, 26, 26, 26, 26,
7, 8, 9, 27, 28, 29, 47, 48, 49, 1, 1, 1, 1, 67, 14, 31, 
32, 26, 26, 26, 26, 26,
27, 28, 29, 47, 48, 49, 4, 4, 65, 1, 1, 1, 1, 67, 10, 13, 
13, 10, 13, 13, 13, 13,
47, 48, 49, 4, 4, 4, 4, 4, 65, 19, 1, 1, 19, 67, 4, 4, 
20, 4, 4, 4, 4, 4,
26, 26, 26, 26, 26, 30, 26, 26, 17, 17, 17, 17, 17, 17, 26, 26, 
26, 26, 26, 30, 26, 26,
4, 4, 4, 4, 4, 5, 4, 4, 65, 18, 1, 1, 18, 67, 4, 20, 
20, 20, 20, 5, 4, 4,
26, 26, 40, 4, 4, 5, 4, 4, 65, 69, 1, 1, 1, 67, 4, 20, 
2, 3, 20, 5, 4, 4,
4, 4, 38, 26, 26, 10, 13, 33, 65, 1, 1, 1, 67, 4, 4, 4, 
22, 23, 20, 5, 4, 4,
4, 121, 122, 123, 124, 5, 4, 4, 4, 65, 1, 1, 67, 4, 4, 4, 
4, 20, 20, 5, 4, 4,
26, 26, 30, 26, 26, 37, 4, 4, 4, 65, 1, 1, 67, 4, 4, 4, 
4, 20, 20, 5, 20, 20,
4, 4, 5, 4, 4, 4, 4, 4, 4, 4, 24, 25, 4, 4, 4, 4, 
20, 20, 20, 30, 20, 20,
4, 4, 5, 4, 4, 4, 4, 4, 4, 4, 4, 4, 4, 4, 20, 20, 
20, 20, 20, 20, 20, 20,
4, 4, 5, 4, 4, 4, 4, 4, 4, 4, 6, 4, 15, 16, 20, 20, 
20, 20, 20, 20, 20, 20,
4, 4, 5, 4, 4, 21, 4, 6, 4, 4, 125, 34, 35, 36, 20, 20, 
20, 20, 20, 20, 20, 20,
4, 4, 5, 4, 4, 4, 4, 4, 4, 4, 53, 54, 55, 20, 20, 20, 
20, 20, 20, 20, 20, 20,
4, 4, 5, 11, 12, 4, 4, 4, 4, 4, 73, 74, 75, 20, 20, 20, 
20, 20, 20, 20, 20, 20,
4, 4, 5, 31, 32, 4, 4, 4, 4, 4, 93, 94, 4, 20, 20, 7, 
8, 9, 15, 15, 15, 15,
26, 26, 30, 26, 40, 4, 2, 3, 125, 4, 4, 4, 125, 4, 4, 27, 
28, 29, 10, 13, 10, 6,
13, 13, 13, 10, 5, 4, 22, 23, 4, 4, 125, 6, 4, 4, 4, 47, 
48, 49, 14, 21, 14, 15,
6, 4, 4, 14, 5, 4, 4, 4, 4, 4, 21, 4, 7, 8, 9, 4, 
6, 4, 10, 5, 10, 15,
4, 4, 6, 14, 5, 4, 4, 4, 6, 4, 4, 4, 27, 28, 29, 6, 
6, 4, 14, 5, 14, 15,
15, 15, 15, 14, 5, 4, 4, 4, 4, 4, 4, 4, 47, 48, 49, 6, 
6, 15, 14, 5, 14, 15
};

